0 0.518500 0.139500 0.127000 0.027000
0 0.518000 0.183000 0.126000 0.026000
0 0.578000 0.225500 0.246000 0.027000
0 0.578000 0.268500 0.246000 0.027000
0 0.830500 0.141000 0.211000 0.030000
0 0.836500 0.184000 0.223000 0.028000
0 0.841000 0.225500 0.232000 0.027000
0 0.564500 0.376000 0.219000 0.026000
0 0.559000 0.413000 0.208000 0.026000
0 0.591500 0.451000 0.273000 0.028000
0 0.532500 0.489500 0.155000 0.027000
0 0.586500 0.528000 0.263000 0.028000
0 0.573500 0.566000 0.237000 0.028000
0 0.569500 0.604500 0.229000 0.027000
0 0.830500 0.359000 0.211000 0.030000
0 0.828500 0.402500 0.207000 0.033000
0 0.830000 0.447000 0.210000 0.028000
0 0.838000 0.488000 0.226000 0.028000
0 0.836500 0.529000 0.223000 0.028000
0 0.816000 0.571500 0.182000 0.031000
0 0.830000 0.614500 0.210000 0.027000
0 0.532500 0.776000 0.155000 0.028000
0 0.543500 0.852000 0.177000 0.028000
0 0.782500 0.763000 0.125000 0.028000
0 0.821000 0.822000 0.202000 0.028000
0 0.785500 0.877000 0.131000 0.028000
1 0.501000 0.100500 0.092000 0.017000
1 0.791500 0.100500 0.133000 0.017000
1 0.481500 0.334500 0.053000 0.017000
1 0.743500 0.320000 0.037000 0.014000
1 0.694500 0.662000 0.235000 0.018000
