0 0.074500 0.045000 0.061000 0.024000
0 0.161500 0.092500 0.261000 0.029000
0 0.161500 0.114500 0.261000 0.015000
0 0.161500 0.145500 0.261000 0.021000
0 0.161500 0.168000 0.261000 0.014000
0 0.161500 0.195000 0.261000 0.014000
0 0.161500 0.221500 0.261000 0.015000
0 0.161500 0.248000 0.261000 0.014000
0 0.089000 0.291000 0.090000 0.024000
0 0.161500 0.328000 0.261000 0.014000
0 0.161500 0.353000 0.261000 0.014000
0 0.161500 0.381000 0.261000 0.014000
0 0.161500 0.433000 0.261000 0.014000
0 0.161500 0.460000 0.261000 0.014000
0 0.161500 0.486000 0.261000 0.014000
0 0.161500 0.513000 0.261000 0.014000
0 0.065500 0.556000 0.043000 0.024000
0 0.161500 0.589000 0.261000 0.014000
0 0.161500 0.615000 0.261000 0.014000
0 0.161500 0.642000 0.261000 0.014000
0 0.161500 0.668000 0.261000 0.014000
0 0.161500 0.695000 0.261000 0.014000
0 0.161500 0.721000 0.261000 0.014000
0 0.161500 0.748000 0.261000 0.014000
0 0.161500 0.774000 0.261000 0.014000
0 0.161500 0.825000 0.261000 0.014000
0 0.161500 0.851000 0.261000 0.014000
0 0.161500 0.877000 0.261000 0.014000
0 0.161500 0.904000 0.261000 0.014000
0 0.161500 0.930000 0.261000 0.014000
0 0.161500 0.957000 0.261000 0.014000
0 0.418000 0.045000 0.092000 0.024000
0 0.477500 0.085000 0.261000 0.014000
0 0.477500 0.112000 0.261000 0.014000
0 0.477500 0.138000 0.261000 0.014000
0 0.477500 0.165000 0.261000 0.014000
0 0.477500 0.191000 0.261000 0.014000
0 0.477500 0.218000 0.261000 0.014000
0 0.477500 0.244000 0.261000 0.014000
0 0.477500 0.271000 0.261000 0.014000
0 0.477500 0.298000 0.261000 0.014000
0 0.477500 0.349000 0.261000 0.014000
0 0.477500 0.376000 0.261000 0.014000
0 0.477500 0.402000 0.261000 0.014000
0 0.477500 0.460000 0.261000 0.014000
0 0.477500 0.487000 0.261000 0.014000
0 0.477500 0.513000 0.261000 0.014000
0 0.477500 0.540000 0.261000 0.014000
0 0.477500 0.567000 0.261000 0.014000
0 0.359500 0.616000 0.025000 0.024000
0 0.477500 0.649000 0.261000 0.014000
0 0.477500 0.676000 0.261000 0.014000
0 0.477500 0.703000 0.261000 0.014000
0 0.477500 0.730000 0.261000 0.014000
0 0.477500 0.757000 0.261000 0.014000
0 0.477500 0.784000 0.261000 0.014000
0 0.477500 0.811000 0.261000 0.014000
0 0.477500 0.838000 0.261000 0.014000
0 0.477500 0.865000 0.261000 0.014000
0 0.751000 0.045000 0.092000 0.024000
0 0.822500 0.085000 0.263000 0.014000
0 0.822500 0.112000 0.263000 0.014000
0 0.822500 0.138000 0.263000 0.014000
0 0.822500 0.165000 0.263000 0.014000
0 0.822500 0.191000 0.263000 0.014000
0 0.822500 0.218000 0.263000 0.014000
0 0.822500 0.244000 0.263000 0.014000
0 0.822500 0.271000 0.263000 0.014000
0 0.822500 0.325000 0.263000 0.014000
0 0.822500 0.352000 0.263000 0.014000
0 0.822500 0.379000 0.263000 0.014000
0 0.822500 0.406000 0.263000 0.014000
0 0.822500 0.433000 0.263000 0.014000
0 0.822500 0.460000 0.263000 0.014000
0 0.822500 0.487000 0.263000 0.014000
0 0.822500 0.513000 0.263000 0.014000
0 0.822500 0.540000 0.263000 0.014000
0 0.822500 0.567000 0.263000 0.014000
0 0.822500 0.594000 0.263000 0.014000
0 0.822500 0.649000 0.263000 0.014000
0 0.822500 0.676000 0.263000 0.014000
0 0.822500 0.703000 0.263000 0.014000
0 0.822500 0.757000 0.263000 0.014000
0 0.822500 0.784000 0.263000 0.014000
0 0.822500 0.811000 0.263000 0.014000
0 0.822500 0.838000 0.263000 0.014000
0 0.822500 0.865000 0.263000 0.014000
0 0.822500 0.892000 0.263000 0.014000
