0 0.136500 0.131500 0.127000 0.013000
0 0.218000 0.168500 0.290000 0.025000
0 0.237000 0.224000 0.328000 0.026000
0 0.168500 0.279500 0.191000 0.025000
0 0.582000 0.131500 0.076000 0.013000
0 0.697500 0.168500 0.307000 0.025000
0 0.689000 0.224000 0.290000 0.026000
0 0.691500 0.277000 0.295000 0.026000
0 0.119000 0.339500 0.092000 0.013000
0 0.222500 0.376500 0.299000 0.025000
0 0.227500 0.433500 0.309000 0.025000
0 0.173000 0.487500 0.200000 0.025000
0 0.214000 0.542500 0.282000 0.025000
0 0.214500 0.597500 0.283000 0.025000
0 0.193000 0.652500 0.240000 0.025000
0 0.201000 0.707500 0.256000 0.025000
0 0.182000 0.762500 0.218000 0.025000
0 0.200500 0.817500 0.255000 0.025000
0 0.229500 0.872500 0.313000 0.025000
0 0.572000 0.339500 0.056000 0.013000
0 0.701000 0.376500 0.314000 0.025000
0 0.674000 0.433500 0.260000 0.025000
0 0.636500 0.487500 0.185000 0.025000
0 0.648000 0.542500 0.208000 0.025000
0 0.677000 0.597500 0.266000 0.025000
0 0.659000 0.652500 0.230000 0.025000
0 0.686000 0.707500 0.284000 0.025000
0 0.677000 0.762500 0.266000 0.025000
0 0.664000 0.817500 0.240000 0.025000
