0 0.180000 0.139500 0.214000 0.013000
0 0.568000 0.178500 0.144000 0.025000
0 0.717000 0.178500 0.094000 0.025000
0 0.860000 0.178500 0.130000 0.025000
0 0.244000 0.278000 0.342000 0.014000
0 0.168500 0.324000 0.237000 0.038000
0 0.181000 0.370500 0.216000 0.025000
0 0.168500 0.410500 0.191000 0.025000
0 0.182500 0.457500 0.219000 0.039000
0 0.493000 0.324000 0.184000 0.038000
0 0.509000 0.378000 0.262000 0.040000
0 0.520500 0.439000 0.239000 0.052000
0 0.813000 0.317500 0.200000 0.025000
0 0.815500 0.364000 0.205000 0.038000
0 0.109500 0.527000 0.073000 0.014000
0 0.113000 0.565500 0.080000 0.025000
0 0.147500 0.605500 0.149000 0.025000
0 0.272000 0.565500 0.062000 0.025000
0 0.318500 0.605500 0.155000 0.025000
0 0.615000 0.527000 0.174000 0.014000
0 0.650000 0.565500 0.244000 0.025000
0 0.623000 0.605500 0.190000 0.025000
