0 0.480500 0.466500 0.123000 0.009000
0 0.500000 0.481500 0.700000 0.009000
0 0.500000 0.496500 0.700000 0.009000
0 0.500000 0.511500 0.700000 0.009000
0 0.500000 0.526500 0.700000 0.009000
0 0.500000 0.543500 0.062000 0.009000
0 0.500000 0.561500 0.700000 0.009000
0 0.500000 0.577500 0.700000 0.009000
0 0.500000 0.592500 0.700000 0.009000
0 0.500000 0.607500 0.700000 0.009000
0 0.500000 0.623500 0.700000 0.009000
0 0.500000 0.638500 0.700000 0.009000
0 0.500000 0.654500 0.700000 0.009000
0 0.500500 0.670500 0.047000 0.009000
0 0.500000 0.688500 0.700000 0.009000
0 0.500000 0.704500 0.700000 0.009000
0 0.501000 0.721500 0.038000 0.009000
0 0.500000 0.739500 0.700000 0.009000
0 0.500000 0.755500 0.700000 0.009000
0 0.500000 0.770500 0.700000 0.009000
0 0.500000 0.786500 0.700000 0.009000
0 0.500000 0.801500 0.700000 0.009000
0 0.500000 0.817500 0.700000 0.009000
0 0.500000 0.832500 0.700000 0.009000
