0 0.271000 0.176000 0.200000 0.054000
0 0.726500 0.162000 0.449000 0.026000
0 0.272000 0.387500 0.224000 0.027000
0 0.726500 0.697500 0.123000 0.027000
0 0.272000 0.237000 0.432000 0.020000
0 0.271500 0.264000 0.329000 0.020000
0 0.272000 0.290000 0.320000 0.020000
0 0.271500 0.316500 0.309000 0.019000
0 0.725500 0.238500 0.151000 0.021000
0 0.724500 0.266500 0.145000 0.019000
0 0.726000 0.293000 0.164000 0.020000
0 0.726000 0.319500 0.242000 0.019000
0 0.726000 0.345500 0.318000 0.019000
0 0.286000 0.437000 0.184000 0.020000
0 0.272000 0.463500 0.324000 0.019000
0 0.270000 0.489500 0.196000 0.019000
0 0.271000 0.516000 0.328000 0.020000
0 0.271500 0.542500 0.191000 0.019000
0 0.271500 0.568000 0.253000 0.020000
0 0.270000 0.594500 0.134000 0.019000
0 0.271500 0.620500 0.155000 0.019000
0 0.271500 0.646500 0.295000 0.019000
0 0.272000 0.672500 0.244000 0.019000
0 0.272000 0.699500 0.300000 0.019000
0 0.725500 0.464000 0.241000 0.018000
0 0.726000 0.490000 0.236000 0.018000
0 0.725500 0.511000 0.163000 0.018000
0 0.726500 0.532000 0.181000 0.018000
0 0.726500 0.555000 0.179000 0.018000
0 0.726500 0.577000 0.237000 0.018000
0 0.725500 0.601000 0.155000 0.018000
0 0.726500 0.747000 0.407000 0.020000
0 0.726000 0.773500 0.326000 0.019000
0 0.726000 0.800000 0.432000 0.020000
0 0.726500 0.826500 0.449000 0.019000
