0 0.499500 0.077500 0.727000 0.039000
0 0.499500 0.129500 0.727000 0.039000
0 0.499500 0.180500 0.727000 0.039000
0 0.499500 0.232500 0.727000 0.039000
0 0.499500 0.272500 0.727000 0.017000
0 0.180500 0.348000 0.089000 0.018000
0 0.499500 0.380500 0.727000 0.017000
0 0.499500 0.421500 0.727000 0.039000
0 0.499500 0.472500 0.727000 0.039000
0 0.499500 0.524500 0.727000 0.039000
0 0.499500 0.576500 0.727000 0.039000
0 0.499500 0.628500 0.727000 0.039000
0 0.499500 0.680500 0.727000 0.039000
0 0.499500 0.733500 0.727000 0.039000
0 0.499500 0.774500 0.727000 0.017000
0 0.499500 0.815500 0.727000 0.039000
0 0.499500 0.867500 0.727000 0.039000
