0 0.195000 0.386000 0.120000 0.020000
0 0.499000 0.065500 0.728000 0.017000
0 0.499000 0.097500 0.728000 0.017000
0 0.499000 0.127500 0.728000 0.017000
0 0.499000 0.157500 0.728000 0.017000
0 0.499000 0.187500 0.728000 0.017000
0 0.499000 0.217500 0.728000 0.017000
0 0.499000 0.247500 0.728000 0.017000
0 0.499000 0.277500 0.728000 0.017000
0 0.499000 0.307500 0.728000 0.017000
0 0.499000 0.338500 0.728000 0.017000
0 0.499000 0.416500 0.728000 0.017000
0 0.499000 0.446500 0.728000 0.017000
0 0.499000 0.476500 0.728000 0.017000
0 0.499000 0.506500 0.728000 0.017000
0 0.499000 0.536500 0.728000 0.017000
0 0.499000 0.566500 0.728000 0.017000
0 0.499000 0.596500 0.728000 0.017000
0 0.499000 0.626500 0.728000 0.017000
0 0.499000 0.656500 0.728000 0.017000
0 0.499000 0.686500 0.728000 0.017000
0 0.499000 0.716500 0.728000 0.017000
0 0.499000 0.746500 0.728000 0.017000
0 0.499000 0.776500 0.728000 0.017000
0 0.499000 0.806500 0.728000 0.017000
