0 0.499500 0.060000 0.397000 0.016000
0 0.273000 0.086500 0.430000 0.011000
0 0.273000 0.109000 0.430000 0.024000
0 0.273000 0.131000 0.430000 0.010000
0 0.273000 0.146000 0.430000 0.010000
0 0.273000 0.161000 0.430000 0.010000
0 0.273000 0.176000 0.430000 0.010000
0 0.273000 0.191000 0.430000 0.010000
0 0.273000 0.206500 0.430000 0.011000
0 0.273000 0.221500 0.430000 0.011000
0 0.273000 0.236500 0.430000 0.011000
0 0.724000 0.086500 0.430000 0.011000
0 0.724000 0.101000 0.430000 0.010000
0 0.724000 0.116000 0.430000 0.010000
0 0.724000 0.131000 0.430000 0.010000
0 0.724000 0.146000 0.430000 0.010000
0 0.724000 0.161000 0.430000 0.010000
0 0.724000 0.176000 0.430000 0.010000
0 0.724000 0.191000 0.430000 0.010000
0 0.724000 0.206500 0.430000 0.011000
0 0.724000 0.221500 0.430000 0.011000
0 0.499500 0.273500 0.265000 0.015000
0 0.499500 0.299000 0.131000 0.012000
0 0.273000 0.324500 0.430000 0.023000
0 0.273000 0.346000 0.430000 0.010000
0 0.273000 0.361000 0.430000 0.010000
0 0.273000 0.376000 0.430000 0.010000
0 0.273000 0.391000 0.430000 0.010000
0 0.273000 0.406000 0.430000 0.010000
0 0.724000 0.318000 0.430000 0.010000
0 0.724000 0.333000 0.430000 0.010000
0 0.724000 0.354500 0.430000 0.023000
0 0.724000 0.376000 0.430000 0.010000
0 0.724000 0.391000 0.430000 0.010000
0 0.499500 0.429000 0.167000 0.012000
0 0.273000 0.454500 0.430000 0.023000
0 0.273000 0.476000 0.430000 0.010000
0 0.273000 0.491000 0.430000 0.010000
0 0.273000 0.506000 0.430000 0.010000
0 0.724000 0.448000 0.430000 0.010000
0 0.724000 0.469500 0.430000 0.023000
0 0.724000 0.491000 0.430000 0.010000
0 0.499500 0.535000 0.479000 0.012000
0 0.273000 0.556000 0.430000 0.010000
0 0.273000 0.571000 0.430000 0.010000
0 0.273000 0.586000 0.430000 0.010000
0 0.273000 0.608000 0.430000 0.024000
0 0.273000 0.630000 0.430000 0.010000
0 0.273000 0.652000 0.430000 0.024000
0 0.724000 0.562500 0.430000 0.023000
0 0.724000 0.586000 0.430000 0.010000
0 0.724000 0.601000 0.430000 0.010000
0 0.724000 0.623000 0.430000 0.024000
0 0.724000 0.645000 0.430000 0.010000
0 0.724000 0.660000 0.430000 0.010000
0 0.499500 0.699500 0.303000 0.015000
0 0.273000 0.725000 0.430000 0.010000
0 0.273000 0.740000 0.430000 0.010000
0 0.273000 0.755000 0.430000 0.010000
0 0.273000 0.770000 0.430000 0.010000
0 0.273000 0.785000 0.430000 0.010000
0 0.273000 0.800000 0.430000 0.010000
0 0.273000 0.815000 0.430000 0.010000
0 0.724000 0.731500 0.430000 0.023000
0 0.724000 0.755000 0.430000 0.010000
0 0.724000 0.770000 0.430000 0.010000
0 0.724000 0.785000 0.430000 0.010000
0 0.724000 0.800000 0.430000 0.010000
0 0.499500 0.850500 0.083000 0.015000
0 0.273000 0.873000 0.430000 0.010000
0 0.273000 0.888000 0.430000 0.010000
0 0.273000 0.903000 0.430000 0.010000
0 0.724000 0.873000 0.430000 0.010000
0 0.724000 0.888000 0.430000 0.010000
0 0.724000 0.903000 0.430000 0.010000
