0 0.090000 0.225500 0.078000 0.017000
0 0.249000 0.260500 0.396000 0.027000
0 0.249000 0.299000 0.396000 0.026000
0 0.249000 0.336000 0.396000 0.026000
0 0.249000 0.374000 0.396000 0.026000
0 0.128500 0.426500 0.155000 0.017000
0 0.249000 0.461000 0.396000 0.026000
0 0.249000 0.498500 0.396000 0.027000
0 0.249000 0.536500 0.396000 0.027000
0 0.249000 0.574500 0.396000 0.027000
0 0.249000 0.612500 0.396000 0.027000
0 0.249000 0.650500 0.396000 0.027000
0 0.696500 0.231000 0.293000 0.020000
0 0.748000 0.266000 0.396000 0.026000
0 0.748000 0.304000 0.396000 0.026000
0 0.748000 0.342000 0.396000 0.026000
0 0.748000 0.380000 0.396000 0.026000
0 0.748000 0.417500 0.396000 0.027000
0 0.748000 0.455000 0.396000 0.026000
0 0.748000 0.493000 0.396000 0.026000
0 0.623000 0.547500 0.146000 0.017000
0 0.748000 0.581000 0.396000 0.026000
0 0.748000 0.619000 0.396000 0.026000
0 0.748000 0.657000 0.396000 0.026000
0 0.748000 0.695000 0.396000 0.026000
0 0.748000 0.733000 0.396000 0.026000
0 0.748000 0.771000 0.396000 0.026000
0 0.748000 0.809000 0.396000 0.026000
0 0.748000 0.847000 0.396000 0.026000
