0 0.098000 0.224500 0.094000 0.015000
0 0.114500 0.428000 0.127000 0.016000
0 0.101500 0.629000 0.101000 0.016000
0 0.586500 0.225000 0.073000 0.016000
0 0.626000 0.435500 0.150000 0.017000
0 0.248000 0.261000 0.394000 0.026000
0 0.249000 0.298500 0.396000 0.025000
0 0.249000 0.336000 0.396000 0.026000
0 0.249000 0.374000 0.396000 0.026000
0 0.249000 0.461500 0.396000 0.027000
0 0.249000 0.500000 0.396000 0.026000
0 0.249000 0.538000 0.396000 0.026000
0 0.249000 0.576000 0.396000 0.026000
0 0.248000 0.664000 0.394000 0.026000
0 0.248000 0.702000 0.394000 0.026000
0 0.248000 0.740000 0.394000 0.026000
0 0.249000 0.778000 0.396000 0.026000
0 0.248000 0.816000 0.394000 0.026000
0 0.248000 0.854000 0.394000 0.026000
0 0.749500 0.265000 0.397000 0.026000
0 0.749500 0.303000 0.397000 0.026000
0 0.749500 0.341000 0.397000 0.026000
0 0.749500 0.379000 0.397000 0.026000
0 0.749500 0.471000 0.397000 0.026000
0 0.749500 0.509000 0.397000 0.026000
0 0.749500 0.547000 0.397000 0.026000
0 0.749500 0.585000 0.397000 0.026000
0 0.749500 0.623000 0.397000 0.026000
0 0.749500 0.661000 0.397000 0.026000
0 0.749500 0.699000 0.397000 0.026000
0 0.749500 0.737000 0.397000 0.026000
