0 0.271500 0.175500 0.199000 0.055000
0 0.725500 0.162000 0.449000 0.028000
0 0.271500 0.388000 0.223000 0.028000
0 0.726500 0.698000 0.123000 0.028000
0 0.271500 0.237000 0.433000 0.022000
0 0.271500 0.264000 0.329000 0.022000
0 0.272000 0.290000 0.320000 0.022000
0 0.271500 0.316500 0.309000 0.021000
0 0.725500 0.239000 0.149000 0.022000
0 0.724500 0.267000 0.145000 0.022000
0 0.726000 0.293000 0.164000 0.022000
0 0.726000 0.319000 0.242000 0.022000
0 0.726000 0.345000 0.318000 0.022000
0 0.286000 0.437000 0.184000 0.022000
0 0.272000 0.464000 0.324000 0.022000
0 0.272000 0.490000 0.192000 0.022000
0 0.271500 0.516000 0.329000 0.022000
0 0.272000 0.542000 0.192000 0.022000
0 0.272000 0.568000 0.254000 0.022000
0 0.270000 0.594000 0.134000 0.022000
0 0.271500 0.620000 0.155000 0.022000
0 0.271500 0.646000 0.295000 0.022000
0 0.271500 0.672000 0.245000 0.022000
0 0.272000 0.698000 0.300000 0.022000
0 0.725500 0.464000 0.241000 0.022000
0 0.726000 0.490000 0.236000 0.022000
0 0.726000 0.516000 0.164000 0.022000
0 0.726000 0.542000 0.180000 0.022000
0 0.726000 0.568000 0.178000 0.022000
0 0.726000 0.594000 0.236000 0.022000
0 0.725500 0.620000 0.157000 0.022000
0 0.726000 0.747000 0.408000 0.022000
0 0.726000 0.773000 0.326000 0.022000
0 0.726000 0.799000 0.432000 0.022000
0 0.726000 0.825000 0.448000 0.022000
