0 0.663500 0.199000 0.175000 0.012000
0 0.261000 0.418500 0.186000 0.011000
0 0.260500 0.476500 0.123000 0.011000
0 0.261000 0.529500 0.172000 0.011000
0 0.260500 0.580500 0.197000 0.011000
0 0.261000 0.669500 0.194000 0.011000
0 0.260500 0.684500 0.191000 0.011000
0 0.260500 0.765500 0.199000 0.011000
0 0.626500 0.230000 0.073000 0.012000
0 0.743500 0.259000 0.335000 0.012000
0 0.743500 0.284000 0.335000 0.012000
0 0.743500 0.310000 0.335000 0.012000
0 0.743500 0.335000 0.335000 0.012000
0 0.743500 0.361000 0.335000 0.012000
0 0.743500 0.387000 0.335000 0.012000
0 0.743500 0.412000 0.335000 0.012000
0 0.743500 0.438000 0.335000 0.012000
0 0.743500 0.463000 0.335000 0.012000
0 0.743500 0.489000 0.335000 0.012000
0 0.743500 0.515000 0.335000 0.012000
0 0.743500 0.540000 0.335000 0.012000
0 0.743500 0.566000 0.335000 0.012000
0 0.743500 0.591000 0.335000 0.012000
0 0.743500 0.617000 0.335000 0.012000
0 0.619500 0.676000 0.065000 0.010000
0 0.744000 0.701000 0.338000 0.012000
0 0.744000 0.726000 0.338000 0.012000
0 0.744000 0.752000 0.338000 0.012000
0 0.744000 0.777000 0.338000 0.012000
0 0.744000 0.803000 0.338000 0.012000
