0 0.164000 0.212500 0.094000 0.013000
0 0.159500 0.474500 0.095000 0.013000
0 0.744500 0.173500 0.255000 0.013000
0 0.258000 0.238500 0.334000 0.011000
0 0.258000 0.264500 0.334000 0.011000
0 0.258000 0.290500 0.334000 0.011000
0 0.258000 0.315500 0.334000 0.011000
0 0.258000 0.341500 0.334000 0.011000
0 0.258000 0.367500 0.334000 0.011000
0 0.258000 0.392500 0.334000 0.011000
0 0.258000 0.418500 0.334000 0.011000
0 0.258000 0.443500 0.334000 0.011000
0 0.258500 0.500500 0.333000 0.011000
0 0.258500 0.526500 0.333000 0.011000
0 0.258500 0.551500 0.333000 0.011000
0 0.258500 0.577500 0.333000 0.011000
0 0.258500 0.602500 0.333000 0.011000
0 0.258500 0.628500 0.333000 0.011000
0 0.258500 0.653500 0.333000 0.011000
0 0.258500 0.679500 0.333000 0.011000
0 0.258500 0.704500 0.333000 0.011000
0 0.258500 0.730500 0.333000 0.011000
0 0.258500 0.756500 0.333000 0.011000
0 0.258500 0.781500 0.333000 0.011000
0 0.258500 0.807500 0.333000 0.011000
0 0.258500 0.832500 0.333000 0.011000
0 0.820000 0.224500 0.130000 0.011000
0 0.820000 0.249500 0.164000 0.011000
0 0.820000 0.275500 0.082000 0.011000
0 0.820000 0.300500 0.154000 0.011000
0 0.820000 0.326500 0.138000 0.011000
0 0.678500 0.374500 0.105000 0.011000
0 0.679000 0.400500 0.172000 0.011000
0 0.679000 0.426500 0.172000 0.011000
0 0.678500 0.451500 0.181000 0.011000
0 0.678500 0.477500 0.181000 0.011000
0 0.678500 0.503500 0.175000 0.011000
0 0.678500 0.529000 0.159000 0.010000
0 0.656000 0.723500 0.102000 0.011000
0 0.656000 0.749500 0.102000 0.011000
0 0.656000 0.774500 0.114000 0.011000
0 0.837500 0.723500 0.135000 0.011000
0 0.837500 0.749500 0.135000 0.011000
0 0.837500 0.774500 0.135000 0.011000
