0 0.482500 0.088500 0.191000 0.027000
0 0.511000 0.108500 0.898000 0.013000
0 0.511000 0.122500 0.898000 0.013000
0 0.511000 0.137500 0.898000 0.013000
0 0.511000 0.151500 0.898000 0.013000
0 0.511000 0.166500 0.898000 0.013000
0 0.511000 0.180500 0.898000 0.013000
0 0.511000 0.195500 0.898000 0.013000
0 0.511000 0.209500 0.898000 0.013000
0 0.482500 0.274500 0.281000 0.027000
0 0.511000 0.295500 0.898000 0.013000
0 0.511000 0.310500 0.898000 0.013000
0 0.511000 0.324500 0.898000 0.013000
0 0.511000 0.339500 0.898000 0.013000
0 0.511000 0.353500 0.898000 0.013000
0 0.511000 0.368500 0.898000 0.013000
0 0.511000 0.382500 0.898000 0.013000
0 0.511000 0.397500 0.898000 0.013000
0 0.511000 0.411500 0.898000 0.013000
0 0.511000 0.426500 0.898000 0.013000
0 0.511000 0.440500 0.898000 0.013000
0 0.511000 0.454500 0.898000 0.013000
0 0.511000 0.469500 0.898000 0.013000
0 0.511000 0.483500 0.898000 0.013000
0 0.511000 0.498500 0.898000 0.013000
0 0.511000 0.512500 0.898000 0.013000
0 0.511000 0.527500 0.898000 0.013000
0 0.511000 0.541500 0.898000 0.013000
0 0.511000 0.556500 0.898000 0.013000
0 0.511000 0.570500 0.898000 0.013000
0 0.487500 0.627500 0.127000 0.013000
0 0.511000 0.641500 0.898000 0.013000
0 0.511000 0.656500 0.898000 0.013000
0 0.511000 0.670500 0.898000 0.013000
0 0.511000 0.685500 0.898000 0.013000
0 0.511000 0.699500 0.898000 0.013000
0 0.511000 0.714500 0.898000 0.013000
0 0.511000 0.728500 0.898000 0.013000
0 0.511000 0.742500 0.898000 0.013000
0 0.483000 0.800500 0.136000 0.013000
0 0.511000 0.814500 0.898000 0.013000
0 0.511000 0.829500 0.898000 0.013000
0 0.511000 0.843500 0.898000 0.013000
0 0.511000 0.858500 0.898000 0.013000
0 0.511000 0.872500 0.898000 0.013000
0 0.511000 0.887500 0.898000 0.013000
0 0.511000 0.901500 0.898000 0.013000
0 0.511000 0.916500 0.898000 0.013000
0 0.511000 0.930500 0.898000 0.013000
