0 0.488000 0.108500 0.234000 0.013000
0 0.322500 0.123000 0.521000 0.012000
0 0.274000 0.138000 0.424000 0.012000
0 0.277000 0.152000 0.430000 0.012000
0 0.482000 0.209500 0.230000 0.013000
0 0.484000 0.224500 0.134000 0.013000
0 0.347500 0.239000 0.571000 0.012000
0 0.365500 0.253000 0.607000 0.012000
0 0.327000 0.267000 0.530000 0.012000
0 0.294000 0.282000 0.464000 0.012000
0 0.370500 0.296000 0.617000 0.012000
0 0.281000 0.310000 0.438000 0.012000
0 0.245000 0.325000 0.366000 0.012000
0 0.306500 0.339000 0.489000 0.012000
0 0.309000 0.354000 0.494000 0.012000
0 0.309000 0.368000 0.494000 0.012000
0 0.358000 0.382000 0.592000 0.012000
0 0.350500 0.397000 0.577000 0.012000
0 0.377000 0.411000 0.630000 0.012000
0 0.388500 0.426000 0.653000 0.012000
0 0.347500 0.440000 0.571000 0.012000
0 0.382500 0.454000 0.641000 0.012000
0 0.352000 0.469000 0.580000 0.012000
0 0.261500 0.483000 0.399000 0.012000
0 0.357500 0.497000 0.591000 0.012000
0 0.279500 0.512000 0.435000 0.012000
0 0.326500 0.526000 0.529000 0.012000
0 0.289500 0.540000 0.455000 0.012000
0 0.289500 0.555000 0.455000 0.012000
0 0.285000 0.569000 0.446000 0.012000
0 0.328000 0.583000 0.532000 0.012000
0 0.352000 0.597000 0.580000 0.012000
0 0.259500 0.612000 0.395000 0.012000
0 0.259500 0.626000 0.395000 0.012000
0 0.333000 0.640000 0.542000 0.012000
0 0.259500 0.654000 0.395000 0.012000
0 0.279500 0.669000 0.435000 0.012000
0 0.341000 0.683000 0.558000 0.012000
0 0.499500 0.742500 0.141000 0.013000
0 0.326000 0.757000 0.528000 0.012000
0 0.337500 0.771000 0.551000 0.012000
0 0.315000 0.785000 0.506000 0.012000
0 0.335000 0.799000 0.546000 0.012000
0 0.298000 0.813000 0.472000 0.012000
0 0.347000 0.827000 0.570000 0.012000
0 0.308000 0.842000 0.492000 0.012000
0 0.300500 0.856000 0.477000 0.012000
0 0.277000 0.870000 0.430000 0.012000
0 0.276500 0.884000 0.429000 0.012000
0 0.338000 0.898000 0.552000 0.012000
0 0.369000 0.912000 0.614000 0.012000
0 0.316500 0.926000 0.509000 0.012000
