0 0.081500 0.086500 0.109000 0.019000
0 0.058500 0.449000 0.063000 0.014000
0 0.078000 0.819500 0.102000 0.015000
0 0.582500 0.042500 0.091000 0.015000
0 0.576000 0.093500 0.078000 0.017000
0 0.563000 0.204000 0.052000 0.016000
0 0.622500 0.350000 0.171000 0.016000
0 0.576000 0.533500 0.078000 0.017000
0 0.248000 0.163500 0.442000 0.015000
0 0.248000 0.188500 0.442000 0.015000
0 0.248000 0.213500 0.442000 0.015000
0 0.248000 0.240500 0.442000 0.015000
0 0.248000 0.263500 0.442000 0.015000
0 0.248000 0.290500 0.442000 0.015000
0 0.248000 0.315500 0.442000 0.015000
0 0.248000 0.340500 0.442000 0.015000
0 0.248000 0.365500 0.442000 0.015000
0 0.248000 0.390500 0.442000 0.015000
0 0.248000 0.474000 0.442000 0.014000
0 0.248000 0.499000 0.442000 0.014000
0 0.248000 0.524000 0.442000 0.014000
0 0.248000 0.549000 0.442000 0.014000
0 0.248000 0.574000 0.442000 0.014000
0 0.248000 0.599000 0.442000 0.014000
0 0.248000 0.624000 0.442000 0.014000
0 0.248000 0.649000 0.442000 0.014000
0 0.248000 0.674000 0.442000 0.014000
0 0.248000 0.699000 0.442000 0.014000
0 0.248000 0.724000 0.442000 0.014000
0 0.248000 0.749000 0.442000 0.014000
0 0.248000 0.845000 0.442000 0.014000
0 0.248000 0.869500 0.442000 0.015000
0 0.756000 0.131500 0.438000 0.013000
0 0.756000 0.241500 0.438000 0.013000
0 0.756000 0.278000 0.438000 0.014000
0 0.756000 0.387500 0.438000 0.013000
0 0.756000 0.424000 0.438000 0.014000
0 0.756000 0.460500 0.438000 0.013000
0 0.756000 0.569500 0.438000 0.015000
