0 0.235500 0.082000 0.073000 0.020000
0 0.060500 0.129000 0.065000 0.014000
0 0.247500 0.150500 0.439000 0.013000
0 0.247500 0.172500 0.439000 0.013000
0 0.247500 0.193500 0.439000 0.013000
0 0.247500 0.215500 0.439000 0.013000
0 0.065500 0.258000 0.075000 0.014000
0 0.248500 0.279500 0.441000 0.013000
0 0.248500 0.301500 0.441000 0.013000
0 0.248500 0.322500 0.441000 0.013000
0 0.049000 0.365000 0.042000 0.014000
0 0.248500 0.386500 0.441000 0.013000
0 0.075500 0.429000 0.095000 0.014000
0 0.248500 0.450500 0.441000 0.013000
0 0.062500 0.494000 0.069000 0.014000
0 0.248500 0.515500 0.441000 0.013000
0 0.248500 0.537500 0.441000 0.013000
0 0.248500 0.558500 0.441000 0.013000
0 0.248500 0.579500 0.441000 0.013000
0 0.248500 0.601500 0.441000 0.013000
0 0.248500 0.622500 0.441000 0.013000
0 0.248500 0.644500 0.441000 0.013000
0 0.248500 0.665500 0.441000 0.013000
0 0.248500 0.686500 0.441000 0.013000
0 0.248500 0.708500 0.441000 0.013000
0 0.248500 0.729500 0.441000 0.013000
0 0.248500 0.751500 0.441000 0.013000
0 0.751500 0.082000 0.103000 0.020000
0 0.751500 0.153000 0.395000 0.044000
0 0.751500 0.213500 0.395000 0.045000
0 0.751500 0.274000 0.395000 0.044000
0 0.751500 0.334000 0.395000 0.044000
0 0.751500 0.394000 0.395000 0.044000
0 0.751500 0.453000 0.395000 0.044000
0 0.751500 0.513000 0.395000 0.044000
0 0.751500 0.572000 0.395000 0.044000
0 0.751500 0.646000 0.395000 0.044000
0 0.751500 0.706000 0.395000 0.044000
0 0.751500 0.766000 0.395000 0.044000
0 0.761500 0.812000 0.251000 0.020000
0 0.751500 0.857000 0.395000 0.044000
0 0.751500 0.917000 0.395000 0.044000
