0 0.645500 0.068500 0.233000 0.017000
0 0.749000 0.091500 0.440000 0.013000
0 0.749000 0.115500 0.440000 0.015000
0 0.749000 0.141500 0.440000 0.013000
0 0.749000 0.165000 0.440000 0.014000
0 0.749000 0.189000 0.440000 0.014000
0 0.749000 0.213000 0.440000 0.014000
0 0.749000 0.237000 0.440000 0.014000
0 0.560500 0.283500 0.063000 0.017000
0 0.749000 0.309000 0.440000 0.014000
0 0.749000 0.333000 0.440000 0.014000
0 0.749000 0.357000 0.440000 0.014000
0 0.749000 0.381000 0.440000 0.014000
0 0.749000 0.405000 0.440000 0.014000
0 0.749000 0.429000 0.440000 0.014000
0 0.749000 0.453000 0.440000 0.014000
0 0.749000 0.477000 0.440000 0.014000
0 0.749000 0.501000 0.440000 0.014000
0 0.749000 0.525000 0.440000 0.014000
0 0.749000 0.549000 0.440000 0.014000
0 0.551500 0.595500 0.045000 0.017000
0 0.749000 0.621000 0.440000 0.014000
0 0.749000 0.645000 0.440000 0.014000
0 0.546500 0.691500 0.035000 0.017000
0 0.749000 0.717000 0.440000 0.014000
0 0.749000 0.741000 0.440000 0.014000
0 0.749000 0.765000 0.440000 0.014000
0 0.749000 0.789000 0.440000 0.014000
0 0.749000 0.813000 0.440000 0.014000
0 0.749000 0.837000 0.440000 0.014000
0 0.749000 0.861000 0.440000 0.014000
0 0.749000 0.885000 0.440000 0.014000
0 0.749000 0.909000 0.440000 0.014000
0 0.749000 0.933000 0.440000 0.014000
