0 0.744000 0.054500 0.216000 0.043000
0 0.747000 0.119000 0.444000 0.014000
0 0.747000 0.144000 0.444000 0.014000
0 0.747000 0.167000 0.444000 0.014000
0 0.747000 0.191000 0.444000 0.014000
0 0.747000 0.234000 0.444000 0.014000
0 0.747000 0.256000 0.444000 0.014000
0 0.747000 0.298000 0.444000 0.014000
0 0.747000 0.320000 0.444000 0.014000
0 0.747000 0.341000 0.444000 0.014000
0 0.747000 0.364000 0.444000 0.014000
0 0.747000 0.385000 0.444000 0.014000
0 0.747000 0.406000 0.444000 0.014000
0 0.747000 0.448000 0.444000 0.014000
0 0.747000 0.470000 0.444000 0.014000
0 0.747000 0.492000 0.444000 0.014000
0 0.747000 0.513000 0.444000 0.014000
0 0.747000 0.535000 0.444000 0.014000
0 0.747000 0.578000 0.444000 0.014000
0 0.747000 0.599000 0.444000 0.014000
0 0.747000 0.621000 0.444000 0.014000
0 0.747000 0.643000 0.444000 0.014000
0 0.747000 0.664000 0.444000 0.014000
0 0.747000 0.686000 0.444000 0.014000
0 0.747000 0.707000 0.444000 0.014000
0 0.747000 0.728000 0.444000 0.014000
0 0.747000 0.771000 0.444000 0.014000
0 0.747000 0.792000 0.444000 0.014000
0 0.747000 0.835000 0.444000 0.014000
0 0.747000 0.857000 0.444000 0.014000
0 0.747000 0.878000 0.444000 0.014000
0 0.747000 0.900000 0.444000 0.014000
0 0.747000 0.921000 0.444000 0.014000
0 0.747000 0.944000 0.444000 0.014000
