0 0.083500 0.038000 0.113000 0.014000
0 0.073000 0.089500 0.092000 0.017000
0 0.054000 0.143500 0.054000 0.015000
0 0.247000 0.162000 0.440000 0.014000
0 0.247000 0.179500 0.440000 0.015000
0 0.247000 0.197000 0.440000 0.014000
0 0.247000 0.214000 0.440000 0.014000
0 0.247000 0.231500 0.440000 0.015000
0 0.070500 0.267500 0.087000 0.015000
0 0.247000 0.285000 0.440000 0.014000
0 0.247000 0.302500 0.440000 0.015000
0 0.247000 0.320000 0.440000 0.014000
0 0.247000 0.338500 0.440000 0.015000
0 0.081500 0.392000 0.109000 0.014000
0 0.247000 0.409500 0.440000 0.015000
0 0.059500 0.460500 0.065000 0.017000
0 0.132500 0.497000 0.211000 0.014000
0 0.247000 0.514500 0.440000 0.015000
0 0.066000 0.549500 0.078000 0.017000
0 0.055000 0.585500 0.056000 0.015000
0 0.247000 0.603000 0.440000 0.014000
0 0.247000 0.620500 0.440000 0.015000
0 0.071000 0.656500 0.088000 0.015000
0 0.247000 0.674000 0.440000 0.014000
0 0.247000 0.691000 0.440000 0.014000
0 0.247000 0.709000 0.440000 0.014000
0 0.247000 0.726000 0.440000 0.014000
0 0.247000 0.744000 0.440000 0.014000
0 0.247000 0.761500 0.440000 0.015000
0 0.076500 0.798000 0.099000 0.014000
0 0.247000 0.815000 0.440000 0.014000
0 0.247000 0.833000 0.440000 0.014000
0 0.247000 0.850000 0.440000 0.014000
0 0.247000 0.868000 0.440000 0.014000
0 0.247000 0.885000 0.440000 0.014000
0 0.247000 0.903000 0.440000 0.014000
0 0.556500 0.033500 0.055000 0.013000
0 0.608500 0.089500 0.159000 0.017000
0 0.578000 0.140000 0.098000 0.014000
0 0.750000 0.165500 0.442000 0.015000
0 0.750000 0.190500 0.442000 0.015000
0 0.750000 0.215500 0.442000 0.015000
0 0.750000 0.240500 0.442000 0.015000
0 0.750000 0.265500 0.442000 0.015000
0 0.561500 0.317000 0.065000 0.014000
0 0.750000 0.341500 0.442000 0.015000
0 0.750000 0.366500 0.442000 0.015000
0 0.750000 0.392500 0.442000 0.015000
0 0.606000 0.460500 0.154000 0.017000
0 0.750000 0.487500 0.442000 0.015000
0 0.582500 0.556500 0.107000 0.017000
0 0.750000 0.582500 0.442000 0.015000
0 0.750000 0.607500 0.442000 0.015000
0 0.750000 0.632500 0.442000 0.015000
