0 0.093000 0.061000 0.130000 0.018000
0 0.248000 0.085000 0.440000 0.016000
0 0.248000 0.108500 0.440000 0.015000
0 0.248000 0.131500 0.440000 0.015000
0 0.248000 0.154000 0.440000 0.014000
0 0.248000 0.176500 0.440000 0.015000
0 0.077000 0.220000 0.098000 0.018000
0 0.248000 0.244500 0.440000 0.015000
0 0.248000 0.267500 0.440000 0.015000
0 0.248000 0.290500 0.440000 0.015000
0 0.175500 0.334000 0.295000 0.018000
0 0.248000 0.358500 0.440000 0.015000
0 0.248000 0.381000 0.440000 0.014000
0 0.248000 0.403500 0.440000 0.015000
0 0.248000 0.426500 0.440000 0.015000
0 0.248000 0.449500 0.440000 0.015000
0 0.248000 0.472000 0.440000 0.014000
0 0.248000 0.494500 0.440000 0.015000
0 0.248000 0.517500 0.440000 0.015000
0 0.248000 0.540500 0.440000 0.015000
0 0.248000 0.834000 0.218000 0.014000
0 0.248000 0.859000 0.218000 0.014000
0 0.248000 0.884000 0.218000 0.014000
