0 0.105500 0.036000 0.153000 0.014000
0 0.090000 0.090500 0.122000 0.015000
0 0.248500 0.170500 0.439000 0.013000
0 0.249000 0.236500 0.440000 0.013000
0 0.248500 0.302500 0.439000 0.013000
0 0.248500 0.324500 0.439000 0.013000
0 0.248500 0.390500 0.439000 0.013000
0 0.249000 0.456500 0.440000 0.013000
0 0.249000 0.478500 0.440000 0.013000
0 0.249500 0.544500 0.441000 0.013000
0 0.249500 0.567500 0.441000 0.013000
0 0.249500 0.589500 0.441000 0.013000
0 0.249000 0.655500 0.440000 0.013000
0 0.249000 0.677500 0.440000 0.013000
0 0.249000 0.699500 0.440000 0.013000
0 0.249000 0.721500 0.440000 0.013000
0 0.249000 0.743500 0.440000 0.013000
0 0.249000 0.765500 0.440000 0.013000
0 0.249000 0.787500 0.440000 0.013000
0 0.249000 0.809500 0.440000 0.013000
0 0.249000 0.831500 0.440000 0.013000
0 0.249000 0.853500 0.440000 0.013000
0 0.746500 0.140500 0.439000 0.013000
0 0.746500 0.189500 0.439000 0.013000
0 0.746500 0.206500 0.439000 0.013000
0 0.746500 0.223500 0.439000 0.013000
0 0.746500 0.271500 0.439000 0.013000
0 0.746500 0.288500 0.439000 0.013000
0 0.746500 0.337500 0.439000 0.013000
0 0.746500 0.354500 0.439000 0.013000
0 0.746500 0.370500 0.439000 0.013000
0 0.746500 0.419500 0.439000 0.013000
0 0.746500 0.436500 0.439000 0.013000
0 0.746500 0.453500 0.439000 0.013000
0 0.746500 0.534500 0.439000 0.013000
0 0.746500 0.583500 0.439000 0.013000
0 0.746500 0.632500 0.439000 0.013000
0 0.746500 0.681500 0.439000 0.013000
0 0.746500 0.730500 0.439000 0.013000
0 0.746500 0.747500 0.439000 0.013000
0 0.746500 0.764500 0.439000 0.013000
0 0.746500 0.781500 0.439000 0.013000
0 0.746500 0.830500 0.439000 0.013000
