0 0.088000 0.040000 0.122000 0.012000
0 0.080500 0.093000 0.107000 0.018000
0 0.077500 0.143500 0.101000 0.015000
0 0.248000 0.167000 0.442000 0.014000
0 0.103000 0.211500 0.152000 0.015000
0 0.248000 0.234000 0.442000 0.014000
0 0.248000 0.257000 0.442000 0.014000
0 0.248000 0.280000 0.442000 0.014000
0 0.248000 0.303000 0.442000 0.014000
0 0.248000 0.326000 0.442000 0.014000
0 0.248000 0.349000 0.442000 0.014000
0 0.248000 0.372000 0.442000 0.014000
0 0.248000 0.395000 0.442000 0.014000
0 0.248000 0.418000 0.442000 0.014000
0 0.112500 0.462000 0.171000 0.014000
0 0.248000 0.485000 0.442000 0.014000
0 0.248000 0.508000 0.442000 0.014000
0 0.248000 0.531000 0.442000 0.014000
0 0.082000 0.575500 0.110000 0.015000
0 0.248000 0.599000 0.442000 0.014000
0 0.248000 0.622000 0.442000 0.014000
0 0.101000 0.666500 0.148000 0.015000
0 0.248000 0.690000 0.442000 0.014000
0 0.116000 0.734500 0.178000 0.015000
0 0.248000 0.758000 0.442000 0.014000
0 0.092500 0.802500 0.131000 0.015000
0 0.248000 0.826000 0.442000 0.014000
0 0.248000 0.849000 0.442000 0.014000
0 0.248000 0.872000 0.442000 0.014000
0 0.248000 0.895000 0.442000 0.014000
0 0.563500 0.093000 0.073000 0.018000
0 0.593000 0.143500 0.132000 0.015000
0 0.747000 0.167000 0.440000 0.014000
0 0.575000 0.219500 0.096000 0.015000
0 0.747000 0.243000 0.440000 0.014000
0 0.747000 0.266000 0.440000 0.014000
0 0.560000 0.318500 0.066000 0.015000
0 0.747000 0.342000 0.440000 0.014000
0 0.557500 0.394500 0.061000 0.015000
0 0.588000 0.446500 0.122000 0.015000
0 0.747000 0.470000 0.440000 0.014000
0 0.592000 0.522500 0.130000 0.015000
0 0.747000 0.546000 0.440000 0.014000
0 0.575000 0.598500 0.096000 0.015000
0 0.747000 0.622000 0.440000 0.014000
0 0.577000 0.671500 0.100000 0.017000
0 0.747000 0.696000 0.440000 0.014000
0 0.747000 0.719000 0.440000 0.014000
