0 0.499500 0.102000 0.153000 0.018000
0 0.198000 0.171500 0.102000 0.017000
0 0.206500 0.227500 0.119000 0.015000
0 0.489500 0.251500 0.685000 0.013000
0 0.489500 0.270500 0.685000 0.013000
0 0.489500 0.288500 0.685000 0.013000
0 0.489500 0.307500 0.685000 0.013000
0 0.489500 0.325500 0.685000 0.013000
0 0.489500 0.344500 0.685000 0.013000
0 0.489500 0.362500 0.685000 0.013000
0 0.491500 0.381500 0.689000 0.013000
0 0.491500 0.399500 0.689000 0.013000
0 0.491500 0.418500 0.689000 0.013000
0 0.491500 0.437500 0.689000 0.013000
0 0.491500 0.455500 0.689000 0.013000
0 0.491500 0.474500 0.689000 0.013000
0 0.491500 0.493500 0.689000 0.013000
0 0.491500 0.511500 0.689000 0.013000
0 0.491500 0.530500 0.689000 0.013000
0 0.491500 0.548500 0.689000 0.013000
0 0.491500 0.567500 0.689000 0.013000
0 0.491500 0.586500 0.689000 0.013000
0 0.491500 0.604500 0.689000 0.013000
0 0.491500 0.623500 0.689000 0.013000
0 0.225000 0.651500 0.156000 0.015000
0 0.489500 0.677500 0.685000 0.013000
0 0.491500 0.695500 0.689000 0.013000
0 0.491500 0.714500 0.689000 0.013000
0 0.491500 0.732500 0.689000 0.013000
0 0.491500 0.751500 0.689000 0.013000
0 0.491500 0.769500 0.689000 0.013000
0 0.491500 0.788500 0.689000 0.013000
0 0.491500 0.807500 0.689000 0.013000
0 0.491500 0.825500 0.689000 0.013000
