0 0.293500 0.102500 0.295000 0.019000
0 0.206000 0.157500 0.120000 0.017000
0 0.489000 0.183000 0.686000 0.014000
0 0.489000 0.202000 0.686000 0.014000
0 0.489000 0.220000 0.686000 0.014000
0 0.176500 0.250000 0.061000 0.016000
0 0.489000 0.275000 0.686000 0.014000
0 0.491000 0.294000 0.690000 0.014000
0 0.198000 0.324000 0.104000 0.016000
0 0.489000 0.349000 0.686000 0.014000
0 0.489000 0.368000 0.686000 0.014000
0 0.180500 0.398000 0.069000 0.016000
0 0.489000 0.422000 0.686000 0.014000
0 0.489000 0.441000 0.686000 0.014000
0 0.489000 0.460000 0.686000 0.014000
