0 0.206000 0.102000 0.120000 0.018000
0 0.491500 0.153000 0.691000 0.014000
0 0.491500 0.172000 0.691000 0.014000
0 0.491500 0.191000 0.691000 0.014000
0 0.491500 0.209000 0.691000 0.014000
0 0.491500 0.228000 0.691000 0.014000
0 0.491500 0.246000 0.691000 0.014000
0 0.491500 0.265000 0.691000 0.014000
0 0.268500 0.305000 0.245000 0.018000
0 0.489500 0.358000 0.687000 0.014000
0 0.491500 0.376000 0.691000 0.014000
0 0.491500 0.395000 0.691000 0.014000
0 0.491500 0.414000 0.691000 0.014000
0 0.491500 0.433000 0.691000 0.014000
0 0.491500 0.451000 0.691000 0.014000
0 0.193500 0.492000 0.095000 0.018000
0 0.489500 0.545000 0.687000 0.014000
0 0.489500 0.564000 0.687000 0.014000
0 0.489500 0.582000 0.687000 0.014000
0 0.491500 0.601000 0.691000 0.014000
0 0.259500 0.650000 0.227000 0.018000
0 0.489500 0.704000 0.687000 0.014000
0 0.491500 0.723000 0.691000 0.014000
0 0.491500 0.741000 0.691000 0.014000
0 0.491500 0.760000 0.691000 0.014000
0 0.491500 0.779000 0.691000 0.014000
0 0.491500 0.797000 0.691000 0.014000
0 0.491500 0.816000 0.691000 0.014000
0 0.491500 0.834000 0.691000 0.014000
0 0.491500 0.853000 0.691000 0.014000
0 0.491500 0.871000 0.691000 0.014000
