0 0.250500 0.103000 0.209000 0.018000
0 0.206000 0.153000 0.120000 0.014000
0 0.489000 0.178000 0.686000 0.012000
0 0.491000 0.195000 0.690000 0.012000
0 0.491000 0.211000 0.690000 0.012000
0 0.491000 0.228000 0.690000 0.012000
0 0.491000 0.245000 0.690000 0.012000
0 0.491000 0.261000 0.690000 0.012000
0 0.491000 0.278000 0.690000 0.012000
0 0.491000 0.294000 0.690000 0.012000
0 0.491000 0.311000 0.690000 0.012000
0 0.491000 0.328000 0.690000 0.012000
0 0.491000 0.344000 0.690000 0.012000
0 0.491000 0.361000 0.690000 0.012000
0 0.491000 0.378000 0.690000 0.012000
0 0.491000 0.394000 0.690000 0.012000
0 0.491000 0.411000 0.690000 0.012000
0 0.491000 0.427000 0.690000 0.012000
0 0.491000 0.444000 0.690000 0.012000
0 0.491000 0.460000 0.690000 0.012000
0 0.491000 0.477000 0.690000 0.012000
0 0.491000 0.494000 0.690000 0.012000
0 0.491000 0.510000 0.690000 0.012000
0 0.491000 0.527000 0.690000 0.012000
0 0.491000 0.543000 0.690000 0.012000
0 0.491000 0.560000 0.690000 0.012000
0 0.491000 0.577000 0.690000 0.012000
0 0.491000 0.593000 0.690000 0.012000
0 0.491000 0.610000 0.690000 0.012000
0 0.491000 0.627000 0.690000 0.012000
0 0.491000 0.644000 0.690000 0.012000
0 0.196000 0.675000 0.100000 0.016000
0 0.491000 0.719000 0.690000 0.012000
0 0.491000 0.736000 0.690000 0.012000
0 0.491000 0.753000 0.690000 0.012000
0 0.491000 0.770000 0.690000 0.012000
0 0.491000 0.787000 0.690000 0.012000
0 0.491000 0.804000 0.690000 0.012000
0 0.491000 0.820000 0.690000 0.012000
0 0.491000 0.837000 0.690000 0.012000
0 0.491000 0.854000 0.690000 0.012000
0 0.491000 0.870000 0.690000 0.012000
0 0.491000 0.887000 0.690000 0.012000
0 0.491000 0.904000 0.690000 0.012000
