0 0.499500 0.083000 0.699000 0.040000
0 0.499500 0.126000 0.699000 0.016000
0 0.499500 0.168500 0.699000 0.041000
0 0.499500 0.318000 0.699000 0.016000
0 0.499500 0.361500 0.699000 0.039000
0 0.499500 0.405000 0.699000 0.016000
0 0.499500 0.436000 0.699000 0.016000
0 0.499500 0.467000 0.699000 0.016000
0 0.499500 0.498000 0.699000 0.016000
0 0.499500 0.541500 0.699000 0.039000
0 0.499500 0.585000 0.699000 0.016000
0 0.499500 0.627500 0.699000 0.039000
0 0.499500 0.682500 0.699000 0.039000
0 0.499500 0.737500 0.699000 0.039000
0 0.499500 0.781000 0.699000 0.016000
0 0.499500 0.812000 0.699000 0.016000
