0 0.499000 0.082500 0.700000 0.041000
0 0.499000 0.124500 0.700000 0.017000
0 0.499000 0.154500 0.700000 0.017000
0 0.499000 0.184000 0.700000 0.018000
0 0.499000 0.214500 0.700000 0.017000
0 0.499000 0.244500 0.700000 0.017000
0 0.499000 0.274500 0.700000 0.017000
0 0.499000 0.316500 0.700000 0.041000
0 0.499000 0.358500 0.700000 0.017000
0 0.499000 0.388500 0.700000 0.017000
0 0.499000 0.430500 0.700000 0.041000
0 0.499000 0.484000 0.700000 0.040000
0 0.249000 0.549500 0.200000 0.015000
0 0.499000 0.607500 0.700000 0.041000
0 0.499000 0.661500 0.700000 0.041000
0 0.499000 0.715000 0.700000 0.040000
0 0.499000 0.768500 0.700000 0.041000
0 0.499000 0.810500 0.700000 0.017000
0 0.499000 0.852500 0.700000 0.041000
