0 0.235000 0.075500 0.172000 0.023000
0 0.498500 0.132500 0.699000 0.019000
0 0.498500 0.163500 0.699000 0.017000
0 0.211500 0.250500 0.125000 0.023000
0 0.187000 0.305500 0.076000 0.017000
0 0.498500 0.364000 0.699000 0.042000
0 0.498500 0.406500 0.699000 0.017000
0 0.498500 0.436000 0.699000 0.018000
0 0.498500 0.466000 0.699000 0.018000
0 0.498500 0.496000 0.699000 0.018000
0 0.498500 0.557000 0.699000 0.018000
0 0.498500 0.587000 0.699000 0.018000
0 0.498500 0.617000 0.699000 0.018000
0 0.498500 0.647000 0.699000 0.018000
0 0.498500 0.677000 0.699000 0.018000
0 0.498500 0.719000 0.699000 0.042000
0 0.498500 0.761000 0.699000 0.018000
0 0.498500 0.803000 0.699000 0.042000
0 0.498500 0.857000 0.699000 0.042000
0 0.498500 0.899000 0.699000 0.018000
