0 0.498500 0.070000 0.699000 0.016000
0 0.498500 0.112500 0.699000 0.039000
0 0.498500 0.154000 0.699000 0.016000
0 0.498500 0.196000 0.699000 0.040000
0 0.498500 0.238000 0.699000 0.016000
0 0.498500 0.268000 0.699000 0.016000
0 0.498500 0.298500 0.699000 0.015000
0 0.498500 0.328500 0.699000 0.015000
0 0.498500 0.358500 0.699000 0.015000
0 0.498500 0.401000 0.699000 0.040000
0 0.498500 0.453000 0.699000 0.040000
0 0.498500 0.495500 0.699000 0.015000
0 0.498500 0.525500 0.699000 0.015000
0 0.498500 0.556000 0.699000 0.016000
0 0.498500 0.598000 0.699000 0.040000
0 0.498500 0.652000 0.699000 0.040000
0 0.498500 0.707000 0.699000 0.040000
0 0.498500 0.748500 0.699000 0.015000
0 0.498500 0.778500 0.699000 0.015000
0 0.498500 0.821000 0.699000 0.040000
0 0.498500 0.859000 0.699000 0.016000
0 0.498500 0.888500 0.699000 0.015000
