0 0.498000 0.082000 0.700000 0.042000
0 0.498000 0.136500 0.700000 0.041000
0 0.498000 0.177500 0.700000 0.019000
0 0.498000 0.207500 0.700000 0.019000
0 0.498000 0.249500 0.700000 0.043000
0 0.498000 0.292000 0.700000 0.018000
0 0.498000 0.333500 0.700000 0.041000
0 0.498000 0.375500 0.700000 0.019000
0 0.498000 0.406000 0.700000 0.018000
0 0.498000 0.436000 0.700000 0.018000
0 0.498000 0.466000 0.700000 0.018000
0 0.498000 0.496000 0.700000 0.018000
0 0.498000 0.526000 0.700000 0.018000
0 0.498000 0.567500 0.700000 0.043000
0 0.498000 0.610000 0.700000 0.018000
0 0.284500 0.682000 0.273000 0.018000
0 0.498000 0.730000 0.700000 0.018000
0 0.498000 0.761000 0.700000 0.018000
0 0.498000 0.803000 0.700000 0.042000
0 0.498000 0.855500 0.700000 0.041000
