0 0.499000 0.082500 0.700000 0.041000
0 0.499000 0.124500 0.700000 0.017000
0 0.499000 0.154500 0.700000 0.017000
0 0.499000 0.184500 0.700000 0.017000
0 0.499000 0.214500 0.700000 0.017000
0 0.499000 0.256500 0.700000 0.041000
0 0.499000 0.298500 0.700000 0.017000
0 0.499000 0.341000 0.700000 0.040000
0 0.499000 0.382500 0.700000 0.017000
0 0.499000 0.412500 0.700000 0.017000
0 0.499000 0.442500 0.700000 0.017000
0 0.499000 0.472500 0.700000 0.017000
0 0.499000 0.502500 0.700000 0.017000
0 0.499000 0.544500 0.700000 0.041000
0 0.499000 0.586500 0.700000 0.017000
0 0.499000 0.628500 0.700000 0.041000
0 0.499000 0.682500 0.700000 0.041000
0 0.499000 0.736500 0.700000 0.041000
0 0.499000 0.790500 0.700000 0.041000
0 0.499000 0.832500 0.700000 0.017000
0 0.499000 0.874500 0.700000 0.041000
