0 0.203500 0.096500 0.209000 0.019000
0 0.213000 0.141000 0.228000 0.018000
0 0.202000 0.179500 0.206000 0.015000
0 0.521500 0.206500 0.845000 0.017000
0 0.521500 0.226500 0.845000 0.017000
0 0.521500 0.246500 0.845000 0.017000
0 0.521500 0.269000 0.845000 0.018000
0 0.521500 0.289000 0.845000 0.018000
0 0.521500 0.309000 0.845000 0.018000
0 0.521500 0.331000 0.845000 0.018000
0 0.212000 0.371000 0.226000 0.018000
0 0.521500 0.399000 0.845000 0.018000
0 0.521500 0.419000 0.845000 0.018000
0 0.521500 0.441000 0.845000 0.018000
0 0.178500 0.541000 0.159000 0.018000
0 0.521500 0.569000 0.845000 0.018000
0 0.521500 0.591000 0.845000 0.018000
0 0.521500 0.611000 0.845000 0.018000
0 0.521500 0.631000 0.845000 0.018000
0 0.521500 0.653500 0.845000 0.017000
0 0.521500 0.673500 0.845000 0.017000
0 0.521500 0.696500 0.845000 0.017000
0 0.521500 0.716500 0.845000 0.017000
0 0.362000 0.753500 0.526000 0.017000
0 0.521500 0.781000 0.845000 0.018000
0 0.521500 0.803500 0.845000 0.017000
0 0.521500 0.823500 0.845000 0.017000
0 0.521500 0.843500 0.845000 0.017000
0 0.521500 0.866500 0.845000 0.017000
0 0.521500 0.886500 0.845000 0.017000
0 0.521500 0.909000 0.845000 0.018000
