0 0.196500 0.078500 0.183000 0.019000
0 0.218000 0.121000 0.226000 0.016000
0 0.209000 0.169000 0.208000 0.014000
0 0.524000 0.195500 0.838000 0.015000
0 0.524000 0.217500 0.838000 0.015000
0 0.524000 0.237500 0.838000 0.015000
0 0.524000 0.259000 0.838000 0.014000
0 0.524000 0.279500 0.838000 0.015000
0 0.524000 0.301500 0.838000 0.015000
0 0.524000 0.321500 0.838000 0.015000
0 0.524000 0.342500 0.838000 0.015000
0 0.524000 0.363500 0.838000 0.015000
0 0.524000 0.384500 0.838000 0.015000
0 0.524000 0.405500 0.838000 0.015000
0 0.524000 0.427000 0.838000 0.014000
0 0.524000 0.447500 0.838000 0.015000
0 0.524000 0.468500 0.838000 0.015000
0 0.524000 0.489500 0.838000 0.015000
0 0.173000 0.564000 0.146000 0.014000
0 0.141000 0.607500 0.082000 0.013000
0 0.518500 0.634500 0.837000 0.015000
0 0.183500 0.677000 0.167000 0.014000
0 0.518500 0.704500 0.837000 0.015000
