0 0.203000 0.096000 0.208000 0.020000
0 0.178000 0.138000 0.158000 0.020000
0 0.162000 0.179500 0.126000 0.015000
0 0.272000 0.209000 0.346000 0.016000
0 0.273000 0.230500 0.348000 0.015000
0 0.270500 0.251500 0.343000 0.015000
0 0.270500 0.272500 0.343000 0.015000
0 0.270500 0.293500 0.343000 0.015000
0 0.270500 0.314500 0.343000 0.015000
0 0.262500 0.335500 0.327000 0.015000
0 0.262500 0.356500 0.327000 0.015000
0 0.262500 0.378000 0.327000 0.016000
0 0.262500 0.399000 0.327000 0.016000
0 0.260000 0.420000 0.322000 0.016000
0 0.260000 0.441000 0.322000 0.016000
0 0.251500 0.462000 0.305000 0.016000
0 0.246500 0.483000 0.295000 0.016000
0 0.249000 0.504000 0.300000 0.016000
0 0.249000 0.525000 0.300000 0.016000
0 0.252500 0.546000 0.307000 0.016000
0 0.255000 0.567000 0.312000 0.016000
0 0.255000 0.588000 0.312000 0.016000
0 0.255000 0.609000 0.312000 0.016000
0 0.255000 0.630000 0.312000 0.016000
0 0.250000 0.651000 0.302000 0.016000
0 0.252500 0.672000 0.307000 0.016000
0 0.252500 0.693000 0.307000 0.016000
0 0.252500 0.714000 0.307000 0.016000
0 0.252500 0.735000 0.307000 0.016000
