0 0.211000 0.139500 0.224000 0.015000
0 0.521000 0.168500 0.844000 0.015000
0 0.521000 0.189000 0.844000 0.014000
0 0.521000 0.210000 0.844000 0.014000
0 0.521000 0.231000 0.844000 0.014000
0 0.521000 0.252000 0.844000 0.014000
0 0.521000 0.273000 0.844000 0.014000
0 0.521000 0.294000 0.844000 0.014000
0 0.521000 0.315000 0.844000 0.014000
0 0.521000 0.336000 0.844000 0.014000
0 0.521000 0.357000 0.844000 0.014000
0 0.521000 0.378000 0.844000 0.014000
0 0.521000 0.399000 0.844000 0.014000
0 0.182500 0.438500 0.167000 0.015000
0 0.521000 0.468500 0.844000 0.015000
0 0.521000 0.489500 0.844000 0.015000
0 0.521000 0.510500 0.844000 0.015000
0 0.521000 0.531500 0.844000 0.015000
0 0.521000 0.552500 0.844000 0.015000
0 0.521000 0.573500 0.844000 0.015000
0 0.521000 0.594500 0.844000 0.015000
0 0.521000 0.615500 0.844000 0.015000
0 0.521000 0.636500 0.844000 0.015000
0 0.521000 0.657500 0.844000 0.015000
0 0.521000 0.678500 0.844000 0.015000
0 0.521000 0.699500 0.844000 0.015000
0 0.521000 0.720500 0.844000 0.015000
0 0.521000 0.741500 0.844000 0.015000
0 0.521000 0.762500 0.844000 0.015000
0 0.521000 0.783500 0.844000 0.015000
0 0.521000 0.804500 0.844000 0.015000
0 0.521000 0.825500 0.844000 0.015000
0 0.521000 0.846500 0.844000 0.015000
0 0.521000 0.867500 0.844000 0.015000
0 0.521000 0.888500 0.844000 0.015000
0 0.521000 0.909500 0.844000 0.015000
