0 0.210500 0.097500 0.221000 0.017000
0 0.375000 0.142500 0.550000 0.017000
0 0.169000 0.184500 0.138000 0.015000
0 0.522000 0.210500 0.844000 0.015000
0 0.522000 0.232000 0.844000 0.014000
0 0.522000 0.253500 0.844000 0.015000
0 0.522000 0.275000 0.844000 0.014000
0 0.522000 0.296500 0.844000 0.015000
0 0.522000 0.317500 0.844000 0.015000
0 0.522000 0.338500 0.844000 0.015000
0 0.522000 0.359500 0.844000 0.015000
0 0.522000 0.380500 0.844000 0.015000
0 0.522000 0.401500 0.844000 0.015000
0 0.522000 0.422500 0.844000 0.015000
0 0.522000 0.443500 0.844000 0.015000
0 0.522000 0.464500 0.844000 0.015000
0 0.145000 0.506500 0.090000 0.015000
0 0.522000 0.532500 0.844000 0.015000
0 0.522000 0.553500 0.844000 0.015000
0 0.522000 0.574500 0.844000 0.015000
0 0.522000 0.595500 0.844000 0.015000
0 0.522000 0.616500 0.844000 0.015000
0 0.522000 0.637500 0.844000 0.015000
0 0.207500 0.677500 0.215000 0.015000
0 0.522000 0.703500 0.844000 0.015000
0 0.522000 0.724500 0.844000 0.015000
