0 0.516500 0.115000 0.439000 0.026000
0 0.518000 0.166000 0.654000 0.022000
0 0.518000 0.211500 0.654000 0.023000
0 0.518000 0.256500 0.654000 0.023000
0 0.516500 0.338000 0.207000 0.026000
0 0.518000 0.388500 0.654000 0.023000
0 0.518000 0.434000 0.654000 0.022000
0 0.518000 0.479500 0.654000 0.023000
0 0.518000 0.537500 0.654000 0.049000
0 0.518000 0.592500 0.654000 0.023000
0 0.518000 0.637500 0.654000 0.023000
0 0.518000 0.683000 0.654000 0.022000
0 0.518000 0.724500 0.654000 0.023000
0 0.518000 0.771500 0.654000 0.019000
0 0.516000 0.853000 0.182000 0.022000
0 0.518000 0.915500 0.654000 0.049000
0 0.518000 0.973500 0.654000 0.023000
