0 0.118000 0.095000 0.182000 0.062000
0 0.244000 0.170000 0.434000 0.048000
0 0.244000 0.242000 0.434000 0.048000
0 0.244000 0.314000 0.434000 0.048000
0 0.244000 0.386000 0.434000 0.048000
0 0.244000 0.458000 0.434000 0.048000
0 0.244000 0.530000 0.434000 0.048000
0 0.244000 0.602000 0.434000 0.048000
0 0.560000 0.095000 0.096000 0.062000
0 0.729000 0.170000 0.434000 0.048000
0 0.729000 0.242000 0.434000 0.048000
0 0.729000 0.314000 0.434000 0.048000
0 0.729000 0.386000 0.434000 0.048000
0 0.729000 0.458000 0.434000 0.048000
0 0.729000 0.530000 0.434000 0.048000
0 0.729000 0.602000 0.434000 0.048000
0 0.729000 0.674000 0.434000 0.048000
0 0.729000 0.746000 0.434000 0.048000
0 0.729000 0.818000 0.434000 0.048000
