0 0.090000 0.028000 0.156000 0.020000
0 0.593500 0.028000 0.163000 0.020000
0 0.237500 0.063000 0.451000 0.024000
0 0.237500 0.090000 0.451000 0.024000
0 0.237500 0.117000 0.451000 0.024000
0 0.237500 0.144000 0.451000 0.024000
0 0.237500 0.171000 0.451000 0.024000
0 0.237500 0.198000 0.451000 0.024000
0 0.237500 0.225000 0.451000 0.024000
0 0.237500 0.252000 0.451000 0.024000
0 0.237500 0.279000 0.451000 0.024000
0 0.237500 0.306000 0.451000 0.024000
0 0.237500 0.333000 0.451000 0.024000
0 0.237500 0.360000 0.451000 0.024000
0 0.237500 0.387000 0.451000 0.024000
0 0.237500 0.414000 0.451000 0.024000
0 0.237500 0.441000 0.451000 0.024000
0 0.237500 0.468000 0.451000 0.024000
0 0.237500 0.495000 0.451000 0.024000
0 0.237500 0.522000 0.451000 0.024000
0 0.237500 0.549000 0.451000 0.024000
0 0.237500 0.576000 0.451000 0.024000
0 0.237500 0.603000 0.451000 0.024000
0 0.237500 0.630000 0.451000 0.024000
0 0.237500 0.657000 0.451000 0.024000
0 0.237500 0.684000 0.451000 0.024000
0 0.237500 0.711000 0.451000 0.024000
0 0.237500 0.738000 0.451000 0.024000
0 0.237500 0.765000 0.451000 0.024000
0 0.237500 0.792000 0.451000 0.024000
0 0.237500 0.819000 0.451000 0.024000
0 0.237500 0.846000 0.451000 0.024000
0 0.237500 0.873000 0.451000 0.024000
0 0.237500 0.900000 0.451000 0.024000
0 0.237500 0.927000 0.451000 0.024000
0 0.237500 0.954000 0.451000 0.024000
0 0.737500 0.063000 0.451000 0.024000
0 0.737500 0.090000 0.451000 0.024000
0 0.737500 0.117000 0.451000 0.024000
0 0.737500 0.144000 0.451000 0.024000
0 0.737500 0.171000 0.451000 0.024000
0 0.737500 0.198000 0.451000 0.024000
0 0.737500 0.225000 0.451000 0.024000
0 0.737500 0.252000 0.451000 0.024000
0 0.737500 0.279000 0.451000 0.024000
0 0.737500 0.306000 0.451000 0.024000
0 0.737500 0.333000 0.451000 0.024000
0 0.737500 0.360000 0.451000 0.024000
0 0.737500 0.387000 0.451000 0.024000
0 0.737500 0.414000 0.451000 0.024000
0 0.737500 0.441000 0.451000 0.024000
0 0.737500 0.468000 0.451000 0.024000
0 0.737500 0.495000 0.451000 0.024000
0 0.737500 0.522000 0.451000 0.024000
0 0.737500 0.549000 0.451000 0.024000
0 0.737500 0.576000 0.451000 0.024000
0 0.737500 0.603000 0.451000 0.024000
0 0.737500 0.630000 0.451000 0.024000
0 0.737500 0.657000 0.451000 0.024000
0 0.737500 0.684000 0.451000 0.024000
0 0.737500 0.711000 0.451000 0.024000
0 0.737500 0.738000 0.451000 0.024000
0 0.737500 0.765000 0.451000 0.024000
0 0.737500 0.792000 0.451000 0.024000
0 0.737500 0.819000 0.451000 0.024000
0 0.737500 0.846000 0.451000 0.024000
0 0.737500 0.873000 0.451000 0.024000
0 0.737500 0.900000 0.451000 0.024000
0 0.737500 0.927000 0.451000 0.024000
