0 0.497500 0.046500 0.209000 0.023000
0 0.497500 0.096000 0.403000 0.020000
0 0.497500 0.142000 0.383000 0.020000
0 0.498000 0.187000 0.494000 0.020000
0 0.497500 0.233000 0.417000 0.020000
0 0.497500 0.278500 0.347000 0.021000
0 0.498000 0.324000 0.524000 0.020000
0 0.497500 0.431500 0.293000 0.023000
0 0.498000 0.481000 0.692000 0.020000
0 0.497500 0.526500 0.763000 0.021000
0 0.498000 0.572000 0.636000 0.020000
0 0.497500 0.618000 0.849000 0.020000
0 0.498000 0.663000 0.848000 0.020000
0 0.498000 0.709000 0.596000 0.020000
0 0.498000 0.754500 0.866000 0.021000
0 0.498000 0.800000 0.762000 0.020000
0 0.497500 0.846000 0.777000 0.020000
0 0.498000 0.891000 0.598000 0.020000
0 0.497000 0.937000 0.868000 0.020000
