0 0.331500 0.175500 0.217000 0.023000
0 0.685500 0.175500 0.265000 0.023000
0 0.284500 0.235000 0.131000 0.022000
0 0.494500 0.235000 0.079000 0.022000
0 0.730500 0.235000 0.183000 0.022000
0 0.332500 0.294500 0.183000 0.023000
0 0.686500 0.294500 0.225000 0.023000
0 0.339500 0.353500 0.157000 0.023000
0 0.693500 0.353500 0.175000 0.023000
0 0.520000 0.412000 0.340000 0.024000
0 0.359500 0.470500 0.315000 0.023000
0 0.713500 0.470500 0.251000 0.023000
0 0.332500 0.529500 0.249000 0.023000
0 0.565500 0.529500 0.053000 0.023000
0 0.754500 0.529500 0.159000 0.023000
0 0.356500 0.588500 0.159000 0.023000
0 0.710000 0.588500 0.106000 0.023000
0 0.404500 0.647500 0.371000 0.023000
0 0.758500 0.647500 0.127000 0.023000
0 0.520000 0.706500 0.344000 0.023000
0 0.359000 0.765500 0.290000 0.023000
0 0.713000 0.765500 0.228000 0.023000
0 0.373500 0.824500 0.343000 0.023000
0 0.727000 0.824500 0.224000 0.023000
0 0.303000 0.883500 0.156000 0.023000
0 0.572500 0.883500 0.149000 0.023000
0 0.789500 0.883500 0.053000 0.023000
0 0.520500 0.942500 0.149000 0.023000
