0 0.487500 0.010000 0.113000 0.020000
0 0.167500 0.106500 0.291000 0.039000
0 0.488000 0.106500 0.290000 0.039000
0 0.808000 0.106500 0.290000 0.039000
0 0.488000 0.214500 0.290000 0.037000
0 0.487000 0.331000 0.052000 0.020000
0 0.167500 0.429000 0.291000 0.038000
0 0.488000 0.429000 0.290000 0.038000
0 0.808000 0.429000 0.290000 0.038000
0 0.167500 0.536000 0.291000 0.038000
0 0.488000 0.536000 0.290000 0.038000
0 0.808000 0.536000 0.290000 0.038000
0 0.167500 0.644000 0.291000 0.038000
0 0.488000 0.644000 0.290000 0.038000
0 0.808000 0.644000 0.290000 0.038000
0 0.167500 0.752000 0.291000 0.038000
0 0.488000 0.752000 0.290000 0.038000
0 0.808000 0.752000 0.290000 0.038000
0 0.167500 0.859000 0.291000 0.038000
0 0.488000 0.859000 0.290000 0.038000
0 0.808000 0.859000 0.290000 0.038000
0 0.488000 0.967000 0.290000 0.038000
