0 0.499000 0.144000 0.102000 0.020000
0 0.256500 0.189000 0.457000 0.014000
0 0.256500 0.205500 0.457000 0.013000
0 0.256500 0.221500 0.457000 0.013000
0 0.256500 0.237500 0.457000 0.013000
0 0.048000 0.267000 0.040000 0.012000
0 0.256500 0.283500 0.457000 0.013000
0 0.256500 0.299500 0.457000 0.013000
0 0.256500 0.315500 0.457000 0.013000
0 0.055000 0.345000 0.054000 0.012000
0 0.256500 0.361000 0.457000 0.014000
0 0.256500 0.377500 0.457000 0.013000
0 0.256500 0.393500 0.457000 0.013000
0 0.256500 0.409500 0.457000 0.013000
0 0.256500 0.425500 0.457000 0.013000
0 0.256500 0.441500 0.457000 0.013000
0 0.256500 0.457500 0.457000 0.013000
0 0.530500 0.173500 0.039000 0.011000
0 0.739500 0.189000 0.457000 0.014000
0 0.739500 0.205500 0.457000 0.013000
0 0.739500 0.221500 0.457000 0.013000
0 0.739500 0.237500 0.457000 0.013000
0 0.739500 0.253500 0.457000 0.013000
0 0.739500 0.269500 0.457000 0.013000
0 0.739500 0.285500 0.457000 0.013000
0 0.739500 0.301500 0.457000 0.013000
0 0.739500 0.317500 0.457000 0.013000
0 0.739500 0.333500 0.457000 0.013000
0 0.739500 0.349500 0.457000 0.013000
0 0.538000 0.377500 0.054000 0.013000
0 0.739500 0.393500 0.457000 0.013000
0 0.739500 0.409500 0.457000 0.013000
0 0.739500 0.425500 0.457000 0.013000
0 0.739500 0.441500 0.457000 0.013000
