0 0.468500 0.125000 0.059000 0.016000
0 0.469000 0.225000 0.806000 0.036000
0 0.469000 0.261000 0.806000 0.016000
0 0.469000 0.297000 0.806000 0.036000
0 0.469000 0.333000 0.806000 0.016000
0 0.469000 0.369000 0.806000 0.036000
0 0.468500 0.536000 0.165000 0.016000
0 0.469000 0.653000 0.806000 0.016000
0 0.469000 0.679000 0.806000 0.016000
0 0.469000 0.705000 0.806000 0.016000
0 0.469000 0.731000 0.806000 0.016000
0 0.469000 0.757000 0.806000 0.016000
0 0.469000 0.793000 0.806000 0.036000
0 0.469000 0.829000 0.806000 0.016000
0 0.469000 0.865000 0.806000 0.036000
