0 0.343500 0.189500 0.191000 0.015000
0 0.438500 0.392000 0.381000 0.016000
0 0.282000 0.556000 0.068000 0.016000
0 0.288500 0.685000 0.081000 0.016000
0 0.268500 0.835000 0.041000 0.016000
0 0.420500 0.215000 0.163000 0.016000
0 0.482000 0.235000 0.286000 0.016000
0 0.400000 0.254000 0.122000 0.016000
0 0.400000 0.274000 0.122000 0.016000
0 0.529500 0.294000 0.381000 0.016000
0 0.455000 0.313000 0.232000 0.016000
0 0.392500 0.333000 0.107000 0.016000
0 0.420500 0.353000 0.163000 0.016000
0 0.576500 0.417000 0.475000 0.016000
0 0.426500 0.437000 0.175000 0.016000
0 0.434000 0.456000 0.190000 0.016000
0 0.407000 0.476000 0.136000 0.016000
0 0.392500 0.496000 0.107000 0.016000
0 0.420500 0.515000 0.163000 0.016000
0 0.392500 0.581000 0.107000 0.016000
0 0.392500 0.601000 0.107000 0.016000
0 0.448000 0.622000 0.218000 0.016000
0 0.392500 0.642000 0.107000 0.016000
0 0.529500 0.710000 0.381000 0.016000
0 0.460500 0.729500 0.243000 0.017000
0 0.412500 0.749000 0.147000 0.016000
0 0.516000 0.769000 0.354000 0.016000
0 0.448000 0.788000 0.218000 0.016000
0 0.414000 0.862000 0.150000 0.016000
