0 0.130500 0.064500 0.071000 0.019000
0 0.498500 0.141000 0.303000 0.018000
0 0.499000 0.220500 0.808000 0.035000
0 0.499000 0.257000 0.808000 0.016000
0 0.499000 0.293000 0.808000 0.036000
0 0.499000 0.338500 0.808000 0.035000
0 0.499000 0.374000 0.808000 0.016000
0 0.499000 0.400500 0.808000 0.015000
0 0.499000 0.427000 0.808000 0.016000
0 0.499000 0.453000 0.808000 0.016000
0 0.499000 0.479000 0.808000 0.016000
0 0.499000 0.505000 0.808000 0.016000
0 0.498500 0.621000 0.379000 0.018000
0 0.499000 0.693000 0.808000 0.016000
0 0.499000 0.719000 0.808000 0.016000
0 0.499000 0.745000 0.808000 0.016000
0 0.499000 0.771000 0.808000 0.016000
0 0.499000 0.797000 0.808000 0.016000
0 0.498000 0.824500 0.316000 0.015000
0 0.499000 0.850000 0.808000 0.016000
0 0.499000 0.876000 0.808000 0.016000
