0 0.156000 0.101000 0.158000 0.016000
0 0.276500 0.132500 0.399000 0.015000
0 0.276500 0.160000 0.399000 0.016000
0 0.276500 0.185500 0.399000 0.015000
0 0.242000 0.248000 0.330000 0.016000
0 0.276500 0.278500 0.399000 0.015000
0 0.276500 0.304500 0.399000 0.015000
0 0.276500 0.330500 0.399000 0.015000
0 0.276500 0.356500 0.399000 0.015000
0 0.276500 0.382500 0.399000 0.015000
0 0.276500 0.409500 0.399000 0.015000
0 0.276500 0.435000 0.399000 0.016000
0 0.276500 0.461500 0.399000 0.015000
0 0.276500 0.487500 0.399000 0.015000
0 0.276500 0.513500 0.399000 0.015000
0 0.276500 0.539500 0.399000 0.015000
0 0.276500 0.565500 0.399000 0.015000
0 0.276500 0.591500 0.399000 0.015000
0 0.276500 0.617500 0.399000 0.015000
0 0.276500 0.643500 0.399000 0.015000
0 0.276500 0.669500 0.399000 0.015000
0 0.120000 0.736000 0.086000 0.016000
0 0.276500 0.772500 0.399000 0.041000
0 0.276500 0.819500 0.399000 0.015000
0 0.276500 0.845500 0.399000 0.015000
0 0.276500 0.871500 0.399000 0.015000
0 0.276500 0.897500 0.399000 0.015000
0 0.555000 0.101000 0.086000 0.016000
0 0.717000 0.145500 0.410000 0.041000
0 0.717000 0.185500 0.410000 0.015000
0 0.717000 0.227500 0.410000 0.041000
0 0.717000 0.287500 0.410000 0.041000
0 0.717000 0.326500 0.410000 0.015000
0 0.717000 0.352500 0.410000 0.015000
0 0.717000 0.378500 0.410000 0.015000
0 0.717000 0.426500 0.410000 0.041000
0 0.717000 0.465500 0.410000 0.015000
0 0.717000 0.491500 0.410000 0.015000
0 0.717000 0.517500 0.410000 0.015000
0 0.717000 0.543500 0.410000 0.015000
0 0.717000 0.590500 0.410000 0.041000
0 0.717000 0.650500 0.410000 0.041000
0 0.717000 0.712500 0.410000 0.041000
0 0.717000 0.772500 0.410000 0.041000
0 0.717000 0.811500 0.410000 0.015000
0 0.717000 0.837500 0.410000 0.015000
0 0.717000 0.884500 0.410000 0.041000
