0 0.167000 0.064500 0.136000 0.017000
0 0.135500 0.101500 0.073000 0.017000
0 0.294000 0.132500 0.390000 0.017000
0 0.294000 0.158500 0.390000 0.017000
0 0.121000 0.202500 0.044000 0.017000
0 0.294000 0.232500 0.390000 0.017000
0 0.294000 0.259000 0.390000 0.016000
0 0.294000 0.284500 0.390000 0.017000
0 0.294000 0.310500 0.390000 0.017000
0 0.128000 0.351500 0.058000 0.017000
0 0.294000 0.382500 0.390000 0.017000
0 0.294000 0.408500 0.390000 0.017000
0 0.294000 0.434500 0.390000 0.017000
0 0.294000 0.460500 0.390000 0.017000
0 0.294000 0.486500 0.390000 0.017000
0 0.294000 0.512500 0.390000 0.017000
0 0.150000 0.562500 0.102000 0.017000
0 0.294000 0.594500 0.390000 0.017000
0 0.294000 0.620500 0.390000 0.017000
0 0.294000 0.646500 0.390000 0.017000
0 0.294000 0.672500 0.390000 0.017000
0 0.294000 0.699000 0.390000 0.016000
0 0.294000 0.725000 0.390000 0.016000
0 0.294000 0.760500 0.390000 0.037000
0 0.126000 0.812500 0.054000 0.017000
0 0.292000 0.842500 0.386000 0.017000
0 0.597500 0.101500 0.101000 0.017000
0 0.742500 0.132500 0.391000 0.017000
0 0.742500 0.158500 0.391000 0.017000
0 0.742500 0.184500 0.391000 0.017000
0 0.568500 0.238500 0.043000 0.017000
0 0.742500 0.267500 0.391000 0.017000
0 0.742500 0.293500 0.391000 0.017000
0 0.742500 0.319500 0.391000 0.017000
0 0.590000 0.368500 0.086000 0.017000
0 0.742500 0.399500 0.391000 0.017000
0 0.742500 0.425500 0.391000 0.017000
0 0.742500 0.451500 0.391000 0.017000
0 0.742500 0.477500 0.391000 0.017000
0 0.742500 0.504000 0.391000 0.016000
0 0.742500 0.530000 0.391000 0.016000
0 0.590000 0.586500 0.086000 0.017000
0 0.742500 0.624500 0.391000 0.037000
0 0.742500 0.660500 0.391000 0.017000
0 0.742500 0.686500 0.391000 0.017000
0 0.742500 0.712500 0.391000 0.017000
0 0.604500 0.769500 0.115000 0.017000
0 0.742500 0.799500 0.391000 0.017000
0 0.742500 0.825500 0.391000 0.017000
0 0.742500 0.851500 0.391000 0.017000
