0 0.511000 0.051500 0.272000 0.019000
0 0.546000 0.120000 0.302000 0.078000
0 0.511000 0.191500 0.752000 0.057000
0 0.510000 0.263500 0.540000 0.077000
0 0.511000 0.344500 0.762000 0.077000
0 0.510000 0.416500 0.630000 0.057000
0 0.511000 0.487500 0.352000 0.077000
0 0.509500 0.569500 0.585000 0.077000
0 0.511000 0.640500 0.702000 0.057000
0 0.509500 0.720500 0.615000 0.019000
0 0.511000 0.778500 0.528000 0.057000
0 0.511000 0.846500 0.448000 0.057000
0 0.511000 0.915500 0.508000 0.057000
2 0.507646 0.085056 0.180898 0.006240
8 0.544792 0.096054 0.217138 0.006864
8 0.546000 0.104244 0.231634 0.005928
5 0.545396 0.111030 0.011778 0.004056
2 0.509496 0.167047 0.353440 0.002850
8 0.511000 0.176395 0.571520 0.002964
5 0.509496 0.182779 0.031584 0.001881
2 0.510000 0.232392 0.181440 0.003542
8 0.508920 0.252720 0.413640 0.010780
4 0.507840 0.290604 0.027000 0.005852
2 0.509476 0.312006 0.170688 0.003542
8 0.511000 0.329562 0.696468 0.014014
5 0.506428 0.353124 0.036576 0.004312
3 0.518820 0.391933 0.166320 0.001596
2 0.513150 0.403561 0.497700 0.001767
8 0.513150 0.414790 0.497700 0.001881
4 0.511890 0.425278 0.028350 0.001653
2 0.511352 0.453774 0.139392 0.003927
8 0.511704 0.468866 0.260480 0.011011
5 0.511000 0.488732 0.015488 0.003157
2 0.508915 0.536775 0.207090 0.004774
3 0.345115 0.555640 0.155610 0.002387
8 0.511840 0.559875 0.456885 0.006699
5 0.508915 0.602225 0.016380 0.002387
2 0.506776 0.752907 0.113520 0.003192
8 0.507832 0.774966 0.417120 0.004218
5 0.509944 0.796797 0.023232 0.002907
2 0.510104 0.822389 0.180544 0.002907
8 0.510552 0.828773 0.298368 0.002679
5 0.510552 0.836126 0.014784 0.002451
2 0.511000 0.895607 0.183896 0.004503
8 0.511508 0.913505 0.384048 0.005187
5 0.511000 0.929237 0.027432 0.003876
