0 0.488500 0.055500 0.511000 0.021000
0 0.490000 0.163500 0.468000 0.081000
0 0.487500 0.249500 0.567000 0.081000
0 0.487500 0.322500 0.507000 0.057000
0 0.488000 0.429500 0.538000 0.143000
0 0.488500 0.563000 0.353000 0.020000
0 0.487000 0.701500 0.238000 0.039000
0 0.487000 0.780000 0.202000 0.038000
0 0.487000 0.859500 0.376000 0.039000
2 0.483448 0.127212 0.217152 0.003726
8 0.490000 0.142440 0.424944 0.013122
5 0.490000 0.186828 0.018720 0.004212
2 0.488634 0.213860 0.337932 0.006480
8 0.489768 0.232085 0.466074 0.014256
5 0.487500 0.284978 0.032886 0.004698
2 0.486993 0.298503 0.155142 0.003705
8 0.486993 0.322557 0.454272 0.005928
2 0.488000 0.377305 0.225960 0.008294
2 0.488000 0.391033 0.217352 0.008294
8 0.488000 0.406477 0.336788 0.005148
2 0.488000 0.426068 0.233492 0.008008
5 0.627342 0.426640 0.025824 0.006578
2 0.488000 0.447947 0.290520 0.008008
5 0.687060 0.448376 0.026900 0.006864
2 0.488500 0.563000 0.320838 0.014756
2 0.487000 0.688123 0.206584 0.004953
6 0.487000 0.701656 0.132328 0.003120
2 0.487000 0.766320 0.177760 0.006460
8 0.487000 0.780380 0.165640 0.006460
2 0.473840 0.844095 0.104904 0.003120
8 0.486624 0.861879 0.313960 0.003276
