0 0.518500 0.139500 0.127000 0.027000
0 0.518000 0.183000 0.126000 0.026000
0 0.578000 0.225500 0.246000 0.027000
0 0.578000 0.268500 0.246000 0.027000
0 0.830500 0.141000 0.211000 0.030000
0 0.836500 0.184000 0.223000 0.028000
0 0.841000 0.225500 0.232000 0.027000
0 0.564500 0.376000 0.219000 0.026000
0 0.559000 0.413000 0.208000 0.026000
0 0.591500 0.451000 0.273000 0.028000
0 0.532500 0.489500 0.155000 0.027000
0 0.586500 0.528000 0.263000 0.028000
0 0.573500 0.566000 0.237000 0.028000
0 0.569500 0.604500 0.229000 0.027000
0 0.830500 0.359000 0.211000 0.030000
0 0.828500 0.402500 0.207000 0.033000
0 0.830000 0.447000 0.210000 0.028000
0 0.838000 0.488000 0.226000 0.028000
0 0.836500 0.529000 0.223000 0.028000
0 0.816000 0.571500 0.182000 0.031000
0 0.830000 0.614500 0.210000 0.027000
0 0.532500 0.776000 0.155000 0.028000
0 0.543500 0.852000 0.177000 0.028000
0 0.782500 0.763000 0.125000 0.028000
0 0.821000 0.822000 0.202000 0.028000
0 0.785500 0.877000 0.131000 0.028000
1 0.501000 0.100500 0.092000 0.017000
1 0.791500 0.100500 0.133000 0.017000
1 0.481500 0.334500 0.053000 0.017000
1 0.743500 0.320000 0.037000 0.014000
1 0.694500 0.662000 0.235000 0.018000
2 0.492211 0.130131 0.052578 0.006507
4 0.544916 0.130158 0.017780 0.006453
4 0.480908 0.146115 0.014224 0.005049
7 0.513166 0.145899 0.023749 0.005535
7 0.544154 0.145926 0.015621 0.005508
2 0.494312 0.175382 0.033264 0.004030
4 0.532868 0.175512 0.015246 0.003926
3 0.473900 0.188330 0.024318 0.002808
7 0.533624 0.188330 0.029484 0.002808
2 0.575294 0.260832 0.184008 0.003132
3 0.517484 0.269931 0.062976 0.001512
4 0.675416 0.260805 0.025584 0.002025
7 0.601124 0.269958 0.099876 0.001512
11 0.492146 0.260805 0.050676 0.002025
2 0.830078 0.133230 0.100014 0.002670
4 0.848435 0.133170 0.010761 0.002670
3 0.791887 0.140070 0.071318 0.001830
7 0.823959 0.140100 0.062245 0.001830
2 0.508874 0.365886 0.063291 0.004108
4 0.556835 0.365834 0.023214 0.004030
4 0.489821 0.373868 0.031755 0.002704
3 0.526394 0.373842 0.065919 0.002756
7 0.575669 0.373816 0.050370 0.002782
7 0.636989 0.373842 0.033069 0.002730
2 0.505336 0.404550 0.076336 0.004966
4 0.518024 0.414872 0.023712 0.002314
3 0.544024 0.414872 0.071136 0.002314
7 0.594984 0.414872 0.068224 0.002314
2 0.531570 0.480752 0.071765 0.004806
4 0.470190 0.493523 0.011160 0.001755
3 0.486930 0.493550 0.018445 0.001701
7 0.512970 0.493523 0.020150 0.001755
6 0.472980 0.493496 0.040610 0.001755
2 0.572789 0.559588 0.118974 0.005292
4 0.482966 0.572776 0.021567 0.001848
3 0.510695 0.572748 0.031521 0.001848
7 0.541031 0.572776 0.043845 0.001820
7 0.593408 0.572748 0.041238 0.001820
7 0.645548 0.572748 0.044319 0.001848
11 0.550037 0.559588 0.054984 0.002408
2 0.568813 0.595239 0.155262 0.004968
3 0.542020 0.611115 0.074654 0.004752
4 0.494159 0.611331 0.024732 0.004563
7 0.605453 0.611250 0.095722 0.004914
2 0.783447 0.348740 0.115417 0.005790
4 0.747366 0.366470 0.027852 0.001950
3 0.803281 0.366470 0.055071 0.001950
7 0.858985 0.366470 0.027852 0.001950
7 0.890635 0.366470 0.027852 0.001950
2 0.780476 0.395702 0.090252 0.005940
6 0.751289 0.402335 0.062514 0.002376
7 0.867002 0.402302 0.074520 0.002310
11 0.840299 0.402368 0.026496 0.002244
2 0.830000 0.438320 0.125580 0.004844
4 0.882920 0.438320 0.025620 0.004844
7 0.830000 0.442884 0.108360 0.002884
2 0.809524 0.478648 0.078648 0.003108
3 0.802518 0.487720 0.040680 0.001876
4 0.755736 0.487664 0.010396 0.001988
7 0.871222 0.487720 0.054692 0.001876
2 0.845866 0.519984 0.101242 0.002744
4 0.910759 0.519984 0.013826 0.002744
7 0.833155 0.529980 0.113953 0.002436
6 0.782534 0.519984 0.063332 0.002744
2 0.816000 0.563130 0.125580 0.009610
4 0.748660 0.579870 0.023660 0.005270
3 0.777780 0.579870 0.023660 0.005270
7 0.812360 0.579870 0.043680 0.005270
7 0.868780 0.579870 0.038220 0.005270
2 0.535445 0.766760 0.072695 0.003248
4 0.594965 0.766564 0.015965 0.003724
7 0.527385 0.778268 0.093155 0.003248
2 0.542438 0.843544 0.134520 0.006216
3 0.481550 0.860036 0.027612 0.002044
7 0.540314 0.860036 0.118944 0.002044
2 0.810496 0.811808 0.097566 0.002408
3 0.772924 0.822028 0.048682 0.001288
7 0.846048 0.822028 0.074134 0.001288
2 0.766374 0.868684 0.043492 0.004900
3 0.738864 0.884168 0.021484 0.002772
7 0.786155 0.884336 0.059736 0.003136
