0 0.074500 0.045000 0.061000 0.024000
0 0.161500 0.092500 0.261000 0.029000
0 0.161500 0.114500 0.261000 0.015000
0 0.161500 0.145500 0.261000 0.021000
0 0.161500 0.168000 0.261000 0.014000
0 0.161500 0.195000 0.261000 0.014000
0 0.161500 0.221500 0.261000 0.015000
0 0.161500 0.248000 0.261000 0.014000
0 0.089000 0.291000 0.090000 0.024000
0 0.161500 0.328000 0.261000 0.014000
0 0.161500 0.353000 0.261000 0.014000
0 0.161500 0.381000 0.261000 0.014000
0 0.161500 0.433000 0.261000 0.014000
0 0.161500 0.460000 0.261000 0.014000
0 0.161500 0.486000 0.261000 0.014000
0 0.161500 0.513000 0.261000 0.014000
0 0.065500 0.556000 0.043000 0.024000
0 0.161500 0.589000 0.261000 0.014000
0 0.161500 0.615000 0.261000 0.014000
0 0.161500 0.642000 0.261000 0.014000
0 0.161500 0.668000 0.261000 0.014000
0 0.161500 0.695000 0.261000 0.014000
0 0.161500 0.721000 0.261000 0.014000
0 0.161500 0.748000 0.261000 0.014000
0 0.161500 0.774000 0.261000 0.014000
0 0.161500 0.825000 0.261000 0.014000
0 0.161500 0.851000 0.261000 0.014000
0 0.161500 0.877000 0.261000 0.014000
0 0.161500 0.904000 0.261000 0.014000
0 0.161500 0.930000 0.261000 0.014000
0 0.161500 0.957000 0.261000 0.014000
0 0.418000 0.045000 0.092000 0.024000
0 0.477500 0.085000 0.261000 0.014000
0 0.477500 0.112000 0.261000 0.014000
0 0.477500 0.138000 0.261000 0.014000
0 0.477500 0.165000 0.261000 0.014000
0 0.477500 0.191000 0.261000 0.014000
0 0.477500 0.218000 0.261000 0.014000
0 0.477500 0.244000 0.261000 0.014000
0 0.477500 0.271000 0.261000 0.014000
0 0.477500 0.298000 0.261000 0.014000
0 0.477500 0.349000 0.261000 0.014000
0 0.477500 0.376000 0.261000 0.014000
0 0.477500 0.402000 0.261000 0.014000
0 0.477500 0.460000 0.261000 0.014000
0 0.477500 0.487000 0.261000 0.014000
0 0.477500 0.513000 0.261000 0.014000
0 0.477500 0.540000 0.261000 0.014000
0 0.477500 0.567000 0.261000 0.014000
0 0.359500 0.616000 0.025000 0.024000
0 0.477500 0.649000 0.261000 0.014000
0 0.477500 0.676000 0.261000 0.014000
0 0.477500 0.703000 0.261000 0.014000
0 0.477500 0.730000 0.261000 0.014000
0 0.477500 0.757000 0.261000 0.014000
0 0.477500 0.784000 0.261000 0.014000
0 0.477500 0.811000 0.261000 0.014000
0 0.477500 0.838000 0.261000 0.014000
0 0.477500 0.865000 0.261000 0.014000
0 0.751000 0.045000 0.092000 0.024000
0 0.822500 0.085000 0.263000 0.014000
0 0.822500 0.112000 0.263000 0.014000
0 0.822500 0.138000 0.263000 0.014000
0 0.822500 0.165000 0.263000 0.014000
0 0.822500 0.191000 0.263000 0.014000
0 0.822500 0.218000 0.263000 0.014000
0 0.822500 0.244000 0.263000 0.014000
0 0.822500 0.271000 0.263000 0.014000
0 0.822500 0.325000 0.263000 0.014000
0 0.822500 0.352000 0.263000 0.014000
0 0.822500 0.379000 0.263000 0.014000
0 0.822500 0.406000 0.263000 0.014000
0 0.822500 0.433000 0.263000 0.014000
0 0.822500 0.460000 0.263000 0.014000
0 0.822500 0.487000 0.263000 0.014000
0 0.822500 0.513000 0.263000 0.014000
0 0.822500 0.540000 0.263000 0.014000
0 0.822500 0.567000 0.263000 0.014000
0 0.822500 0.594000 0.263000 0.014000
0 0.822500 0.649000 0.263000 0.014000
0 0.822500 0.676000 0.263000 0.014000
0 0.822500 0.703000 0.263000 0.014000
0 0.822500 0.757000 0.263000 0.014000
0 0.822500 0.784000 0.263000 0.014000
0 0.822500 0.811000 0.263000 0.014000
0 0.822500 0.838000 0.263000 0.014000
0 0.822500 0.865000 0.263000 0.014000
0 0.822500 0.892000 0.263000 0.014000
4 0.046921 0.086410 0.015138 0.001392
2 0.100687 0.086410 0.090306 0.001392
3 0.102775 0.086410 0.084042 0.001392
7 0.123916 0.089136 0.144072 0.001392
6 0.170896 0.089136 0.115362 0.001392
5 0.274774 0.086352 0.013572 0.001392
4 0.049270 0.114350 0.015660 0.001050
2 0.119740 0.114500 0.107010 0.001200
7 0.151060 0.114500 0.028710 0.001050
4 0.276340 0.114500 0.013050 0.001050
4 0.047704 0.138255 0.009657 0.001050
2 0.100426 0.138255 0.054810 0.001050
3 0.076414 0.138255 0.022185 0.001050
7 0.113215 0.139830 0.176436 0.001000
6 0.157846 0.139830 0.134154 0.001000
5 0.272686 0.138255 0.018792 0.001050
4 0.045094 0.168112 0.009657 0.005138
2 0.103819 0.167944 0.092394 0.005278
3 0.098599 0.167944 0.068904 0.005278
11 0.163327 0.167944 0.022968 0.005278
7 0.186295 0.167944 0.033147 0.005278
5 0.277123 0.167944 0.012528 0.005278
4 0.052141 0.194468 0.014355 0.001078
2 0.084505 0.194496 0.062379 0.001120
3 0.084766 0.194496 0.014616 0.001106
2 0.098338 0.194510 0.031581 0.001106
11 0.130441 0.194496 0.023490 0.001120
5 0.278950 0.194496 0.013050 0.001120
4 0.050314 0.221425 0.016182 0.001155
2 0.128092 0.221425 0.133371 0.001155
10 0.272947 0.221425 0.016182 0.001155
4 0.039874 0.245662 0.008613 0.001554
2 0.093379 0.247216 0.057159 0.003108
3 0.067018 0.247216 0.026361 0.003108
5 0.284692 0.247216 0.010962 0.003108
2 0.089000 0.289680 0.082710 0.007224
4 0.045877 0.328322 0.012006 0.001000
2 0.076936 0.328308 0.088740 0.001000
7 0.103819 0.328308 0.019575 0.001000
5 0.283648 0.328322 0.008352 0.001000
4 0.046921 0.352930 0.012789 0.001000
2 0.099121 0.353014 0.072036 0.001000
2 0.138532 0.353014 0.031842 0.001000
4 0.051619 0.381140 0.019053 0.001120
2 0.077458 0.381070 0.033408 0.001120
2 0.112171 0.381056 0.082737 0.001148
5 0.279994 0.381070 0.012006 0.001120
4 0.051619 0.430956 0.014094 0.002702
3 0.083461 0.430998 0.051678 0.002702
2 0.155497 0.431054 0.057420 0.002646
6 0.198823 0.430998 0.052983 0.002758
5 0.271381 0.431026 0.014355 0.002702
4 0.043006 0.459944 0.016965 0.003206
2 0.061015 0.459944 0.032886 0.003206
2 0.088681 0.460000 0.057159 0.003206
10 0.279994 0.460000 0.010962 0.003206
4 0.051619 0.485916 0.019314 0.001000
2 0.095989 0.485916 0.080649 0.001000
8 0.144274 0.485916 0.109098 0.001000
5 0.282865 0.485916 0.011223 0.001000
4 0.043006 0.512860 0.014355 0.002576
2 0.119740 0.512930 0.110664 0.002464
5 0.279733 0.512916 0.018270 0.002464
4 0.046921 0.586886 0.014094 0.002856
2 0.102253 0.586858 0.102573 0.002898
5 0.280255 0.586886 0.010179 0.002856
4 0.054229 0.615028 0.014094 0.001610
2 0.117391 0.615028 0.108837 0.001610
5 0.271381 0.615028 0.011484 0.001610
4 0.041440 0.642560 0.016965 0.003276
2 0.094945 0.642420 0.111708 0.003584
4 0.045094 0.668084 0.016182 0.003360
2 0.092074 0.668084 0.089262 0.003360
5 0.277123 0.668084 0.013050 0.003360
4 0.053446 0.694776 0.013833 0.001000
2 0.123655 0.694776 0.109359 0.001000
3 0.091030 0.694776 0.039411 0.001000
6 0.169330 0.694776 0.048024 0.001000
5 0.276862 0.694776 0.010440 0.001000
4 0.043006 0.720496 0.019053 0.001456
2 0.121045 0.720720 0.128673 0.001386
7 0.145840 0.721098 0.026883 0.001000
10 0.283126 0.720594 0.019575 0.001456
4 0.041701 0.747860 0.015138 0.001000
2 0.096250 0.747860 0.105183 0.001000
4 0.046660 0.773580 0.018531 0.002604
2 0.095206 0.773664 0.071253 0.002408
5 0.276601 0.773748 0.013311 0.002408
4 0.050314 0.825084 0.020619 0.001106
2 0.080329 0.825084 0.050634 0.001106
6 0.139054 0.825084 0.149814 0.001106
7 0.139054 0.825084 0.149814 0.001106
5 0.282082 0.825084 0.012528 0.001106
4 0.043789 0.851098 0.012789 0.001162
3 0.095467 0.851070 0.067599 0.001218
2 0.148189 0.851098 0.068904 0.001190
5 0.281560 0.851042 0.010440 0.001260
4 0.047965 0.877000 0.013311 0.001036
2 0.085810 0.877000 0.064728 0.001036
6 0.118957 0.877000 0.031842 0.001036
5 0.277123 0.877000 0.009918 0.001036
4 0.045094 0.903650 0.014616 0.001000
2 0.102775 0.903608 0.117189 0.001000
5 0.283909 0.903692 0.011484 0.001000
4 0.044311 0.930000 0.012789 0.001000
2 0.084505 0.930000 0.067338 0.001000
7 0.120523 0.930000 0.034974 0.001000
6 0.142447 0.930000 0.022707 0.001000
5 0.279733 0.930000 0.009135 0.001000
4 0.045355 0.956846 0.010440 0.001000
2 0.091552 0.956846 0.075690 0.001000
5 0.284431 0.956846 0.007569 0.001000
4 0.366836 0.085014 0.020358 0.004158
2 0.408074 0.085014 0.081171 0.004214
4 0.364748 0.111832 0.015660 0.001000
2 0.414338 0.111776 0.102834 0.001092
4 0.360572 0.138126 0.015660 0.004578
2 0.424778 0.138336 0.107793 0.003710
6 0.481154 0.138336 0.044892 0.003710
4 0.362921 0.165126 0.010440 0.002436
2 0.414599 0.165126 0.084564 0.002436
3 0.411206 0.165126 0.036540 0.002436
4 0.361355 0.191476 0.013833 0.002590
2 0.414338 0.191322 0.054288 0.002968
3 0.452444 0.191336 0.033930 0.002968
4 0.364487 0.218210 0.010962 0.002128
2 0.399722 0.218266 0.029493 0.002072
2 0.433391 0.218350 0.045153 0.001876
4 0.372056 0.243692 0.020097 0.001000
2 0.433391 0.243692 0.100746 0.001000
3 0.404942 0.243692 0.028710 0.001000
4 0.363965 0.270958 0.013311 0.002366
2 0.409379 0.270986 0.083781 0.002366
4 0.366575 0.297552 0.014355 0.001000
2 0.411206 0.297566 0.100746 0.001000
6 0.475934 0.297594 0.083520 0.001000
4 0.358484 0.349140 0.014094 0.001000
3 0.393980 0.349140 0.041760 0.001000
2 0.459491 0.349140 0.076473 0.001000
6 0.513779 0.349140 0.014094 0.001000
4 0.359006 0.376098 0.020097 0.004844
3 0.417470 0.376126 0.068382 0.004704
2 0.483764 0.376140 0.066816 0.004760
4 0.361877 0.404716 0.016182 0.002562
3 0.397373 0.404856 0.061857 0.002562
2 0.455837 0.404912 0.078039 0.002450
4 0.364487 0.460294 0.018009 0.004004
2 0.418775 0.460294 0.077256 0.004004
2 0.434957 0.460294 0.057159 0.004004
4 0.361355 0.487252 0.014616 0.001000
2 0.408596 0.487308 0.071775 0.001000
4 0.365009 0.516150 0.010701 0.001000
2 0.390587 0.516234 0.150075 0.001000
3 0.384845 0.515030 0.072819 0.001000
7 0.416687 0.515324 0.043326 0.001000
4 0.361094 0.539286 0.013311 0.001000
2 0.447746 0.539314 0.162864 0.001000
4 0.366836 0.569982 0.019575 0.001000
2 0.410684 0.569954 0.099963 0.001000
4 0.364487 0.649490 0.015399 0.004004
3 0.426605 0.649490 0.098136 0.004004
2 0.512474 0.649490 0.093177 0.004004
4 0.362921 0.676252 0.010179 0.001000
2 0.418253 0.676252 0.091872 0.001000
4 0.372056 0.702916 0.015138 0.001000
3 0.430781 0.702944 0.038106 0.001000
2 0.517955 0.702972 0.093438 0.001000
4 0.362138 0.730154 0.014616 0.001708
3 0.402593 0.730112 0.051678 0.001806
2 0.454532 0.730056 0.075168 0.001876
4 0.373883 0.757364 0.020097 0.001000
3 0.435740 0.757378 0.050895 0.001000
2 0.496553 0.757378 0.054027 0.001000
7 0.528656 0.757378 0.032625 0.001000
4 0.366053 0.784070 0.016965 0.001000
3 0.400244 0.784070 0.031581 0.001000
2 0.451661 0.784070 0.087435 0.001000
4 0.366575 0.808382 0.015138 0.002674
2 0.392153 0.808480 0.049851 0.002534
4 0.365531 0.837664 0.025056 0.002506
2 0.438872 0.837664 0.097092 0.002506
4 0.364748 0.865364 0.015138 0.002352
2 0.417470 0.865420 0.108576 0.002324
4 0.706517 0.084846 0.019725 0.001000
2 0.786995 0.084846 0.156222 0.001000
5 0.941113 0.084846 0.012624 0.001000
4 0.705465 0.111496 0.017884 0.001498
3 0.752016 0.111496 0.109934 0.001498
2 0.833546 0.111496 0.114405 0.001498
5 0.932171 0.111496 0.021566 0.001498
4 0.713355 0.138840 0.020251 0.002450
2 0.748071 0.139008 0.037346 0.002310
5 0.937694 0.139008 0.016306 0.002310
4 0.707569 0.165000 0.014465 0.004116
3 0.742022 0.165000 0.042869 0.004452
2 0.791466 0.165000 0.119665 0.004452
5 0.940587 0.165000 0.013939 0.004774
4 0.709673 0.191252 0.013676 0.001000
2 0.747019 0.191252 0.069958 0.001000
5 0.941639 0.191252 0.012361 0.001000
4 0.704676 0.218322 0.013676 0.006090
3 0.735447 0.218322 0.123610 0.006090
2 0.838280 0.218238 0.060753 0.006258
10 0.937431 0.218336 0.017621 0.006090
4 0.706254 0.244154 0.011835 0.001000
2 0.733343 0.244154 0.049444 0.001000
2 0.764114 0.244154 0.038398 0.001000
6 0.800934 0.244154 0.031297 0.001000
5 0.936379 0.244154 0.011835 0.001000
4 0.709147 0.270076 0.013676 0.001078
2 0.751490 0.270174 0.051285 0.001092
5 0.935590 0.270230 0.012361 0.001008
4 0.705991 0.325224 0.014991 0.001092
3 0.737288 0.325224 0.032875 0.001092
2 0.786995 0.325224 0.069695 0.001092
5 0.940324 0.325224 0.012624 0.001092
4 0.705991 0.352140 0.011572 0.001064
2 0.748860 0.352140 0.037609 0.001050
3 0.813821 0.352140 0.044184 0.001050
6 0.844855 0.352140 0.034979 0.001050
10 0.938220 0.352140 0.015254 0.001050
4 0.707306 0.378720 0.015517 0.005712
2 0.758591 0.378720 0.099940 0.005712
5 0.939798 0.378860 0.018410 0.005572
4 0.706517 0.403802 0.015780 0.002268
3 0.747282 0.403802 0.060227 0.002268
2 0.810665 0.403802 0.060227 0.002268
5 0.940850 0.403802 0.015780 0.002268
4 0.699679 0.431642 0.018673 0.001008
2 0.758854 0.431628 0.136760 0.001022
3 0.737551 0.431628 0.028667 0.001022
10 0.941376 0.431670 0.016832 0.001022
4 0.702835 0.456304 0.014728 0.001000
2 0.755698 0.456374 0.117824 0.001000
3 0.795148 0.456374 0.070221 0.001000
5 0.944006 0.456374 0.013150 0.001000
4 0.703887 0.485180 0.014465 0.001000
2 0.762010 0.485180 0.125714 0.001000
3 0.737288 0.485180 0.029193 0.001000
5 0.939535 0.485180 0.012887 0.001000
11 0.806194 0.485180 0.021566 0.001000
4 0.706517 0.512412 0.019988 0.001162
2 0.752016 0.512286 0.079426 0.001316
11 0.797515 0.512412 0.030245 0.001008
10 0.942691 0.512328 0.018673 0.001316
4 0.706517 0.539860 0.017884 0.006174
2 0.753068 0.539860 0.081530 0.006174
11 0.795937 0.540224 0.022355 0.005124
5 0.942165 0.540042 0.018410 0.005810
4 0.709147 0.563906 0.022092 0.001000
2 0.741233 0.563906 0.054441 0.001000
12 0.769637 0.563906 0.031823 0.001000
10 0.940850 0.563920 0.019462 0.001000
4 0.703887 0.589870 0.016569 0.001000
2 0.746230 0.589982 0.067328 0.001000
10 0.942954 0.589968 0.010520 0.001000
4 0.711251 0.646802 0.014202 0.001036
2 0.749649 0.646900 0.108356 0.001008
5 0.942954 0.646942 0.010520 0.001036
11 0.786469 0.646900 0.043132 0.001008
4 0.705728 0.670792 0.014728 0.001000
2 0.755172 0.670848 0.093628 0.001000
3 0.801986 0.670904 0.048392 0.001000
5 0.938746 0.670820 0.015254 0.001000
4 0.700468 0.702916 0.013150 0.001000
2 0.727820 0.702916 0.035242 0.001000
3 0.782261 0.702916 0.081530 0.001000
7 0.860898 0.702916 0.062594 0.001000
5 0.941639 0.702916 0.011572 0.001000
4 0.702835 0.756090 0.018936 0.002170
3 0.755698 0.756146 0.090472 0.002198
2 0.825130 0.756160 0.049970 0.002156
5 0.942165 0.756174 0.020514 0.002170
4 0.713881 0.782292 0.017095 0.004270
2 0.747808 0.781984 0.071799 0.004802
3 0.783839 0.781984 0.054441 0.004606
5 0.940850 0.781956 0.016043 0.004578
4 0.707569 0.810426 0.017621 0.001000
2 0.740444 0.810426 0.075481 0.001000
5 0.939272 0.810426 0.009731 0.001000
4 0.705202 0.835046 0.017095 0.001582
2 0.738077 0.835326 0.041817 0.001288
3 0.762799 0.835326 0.042343 0.001288
10 0.947162 0.835326 0.009731 0.001288
4 0.707832 0.860520 0.016306 0.001148
2 0.759380 0.860534 0.063120 0.001148
3 0.819870 0.860520 0.071536 0.001148
10 0.941902 0.860506 0.013676 0.001148
4 0.711777 0.890992 0.017095 0.001092
2 0.734395 0.890824 0.037872 0.001358
3 0.762536 0.891020 0.063646 0.001092
5 0.942165 0.890950 0.013676 0.001120
