0 0.180000 0.139500 0.214000 0.013000
0 0.568000 0.178500 0.144000 0.025000
0 0.717000 0.178500 0.094000 0.025000
0 0.860000 0.178500 0.130000 0.025000
0 0.244000 0.278000 0.342000 0.014000
0 0.168500 0.324000 0.237000 0.038000
0 0.181000 0.370500 0.216000 0.025000
0 0.168500 0.410500 0.191000 0.025000
0 0.182500 0.457500 0.219000 0.039000
0 0.493000 0.324000 0.184000 0.038000
0 0.509000 0.378000 0.262000 0.040000
0 0.520500 0.439000 0.239000 0.052000
0 0.813000 0.317500 0.200000 0.025000
0 0.815500 0.364000 0.205000 0.038000
0 0.109500 0.527000 0.073000 0.014000
0 0.113000 0.565500 0.080000 0.025000
0 0.147500 0.605500 0.149000 0.025000
0 0.272000 0.565500 0.062000 0.025000
0 0.318500 0.605500 0.155000 0.025000
0 0.615000 0.527000 0.174000 0.014000
0 0.650000 0.565500 0.244000 0.025000
0 0.623000 0.605500 0.190000 0.025000
2 0.577936 0.170650 0.050112 0.003575
3 0.526240 0.184625 0.022608 0.002825
4 0.611776 0.170650 0.023328 0.003575
2 0.697072 0.169700 0.033464 0.004850
3 0.692654 0.181950 0.022654 0.005650
4 0.736834 0.169800 0.022936 0.004675
2 0.857530 0.170350 0.057720 0.003750
3 0.816710 0.182600 0.037180 0.003750
2 0.163997 0.307432 0.109494 0.001786
8 0.161390 0.319060 0.136275 0.006574
12 0.259982 0.307280 0.016590 0.002014
2 0.128512 0.363375 0.067608 0.002625
5 0.172576 0.363375 0.014904 0.002625
8 0.181000 0.376800 0.191160 0.003525
2 0.167545 0.400150 0.087287 0.002850
5 0.251012 0.400150 0.012988 0.002850
6 0.231339 0.409625 0.027695 0.001600
8 0.142142 0.409625 0.108488 0.001600
2 0.128407 0.442095 0.096360 0.003081
5 0.199144 0.442134 0.016644 0.003003
8 0.182500 0.450441 0.188559 0.010881
2 0.453808 0.308116 0.110768 0.004104
8 0.494656 0.321758 0.179584 0.014174
2 0.453456 0.361520 0.136240 0.002920
8 0.509000 0.374840 0.253616 0.008880
2 0.472461 0.416172 0.120695 0.002860
4 0.581684 0.416224 0.010516 0.002808
8 0.518349 0.436140 0.227289 0.033956
2 0.785600 0.307450 0.094200 0.001975
4 0.893200 0.307450 0.025400 0.001975
8 0.812400 0.315850 0.197200 0.002325
2 0.772450 0.347546 0.074415 0.001862
5 0.810375 0.347584 0.012095 0.001786
8 0.812425 0.360808 0.163590 0.014744
2 0.095560 0.555925 0.029680 0.002450
5 0.126520 0.555925 0.008880 0.002550
3 0.095320 0.563625 0.019040 0.002625
2 0.147947 0.594900 0.070775 0.002600
5 0.215891 0.595175 0.010430 0.002150
8 0.086708 0.615125 0.011026 0.001425
2 0.272000 0.568250 0.026660 0.004500
5 0.280060 0.557750 0.004340 0.004250
6 0.255260 0.558000 0.007440 0.004250
2 0.322220 0.594275 0.064790 0.002025
3 0.266265 0.604850 0.049445 0.002225
5 0.377090 0.594275 0.007440 0.002025
2 0.620150 0.599125 0.149340 0.004800
5 0.696910 0.599125 0.026410 0.004800
8 0.623000 0.611500 0.176890 0.004700
