0 0.136500 0.131500 0.127000 0.013000
0 0.218000 0.168500 0.290000 0.025000
0 0.237000 0.224000 0.328000 0.026000
0 0.168500 0.279500 0.191000 0.025000
0 0.582000 0.131500 0.076000 0.013000
0 0.697500 0.168500 0.307000 0.025000
0 0.689000 0.224000 0.290000 0.026000
0 0.691500 0.277000 0.295000 0.026000
0 0.119000 0.339500 0.092000 0.013000
0 0.222500 0.376500 0.299000 0.025000
0 0.227500 0.433500 0.309000 0.025000
0 0.173000 0.487500 0.200000 0.025000
0 0.214000 0.542500 0.282000 0.025000
0 0.214500 0.597500 0.283000 0.025000
0 0.193000 0.652500 0.240000 0.025000
0 0.201000 0.707500 0.256000 0.025000
0 0.182000 0.762500 0.218000 0.025000
0 0.200500 0.817500 0.255000 0.025000
0 0.229500 0.872500 0.313000 0.025000
0 0.572000 0.339500 0.056000 0.013000
0 0.701000 0.376500 0.314000 0.025000
0 0.674000 0.433500 0.260000 0.025000
0 0.636500 0.487500 0.185000 0.025000
0 0.648000 0.542500 0.208000 0.025000
0 0.677000 0.597500 0.266000 0.025000
0 0.659000 0.652500 0.230000 0.025000
0 0.686000 0.707500 0.284000 0.025000
0 0.677000 0.762500 0.266000 0.025000
0 0.664000 0.817500 0.240000 0.025000
2 0.136500 0.131500 0.118533 0.009533
2 0.152460 0.159150 0.109330 0.001500
7 0.229020 0.159300 0.039440 0.001300
5 0.324430 0.159325 0.036540 0.001450
3 0.104900 0.167950 0.046980 0.001200
8 0.156230 0.168075 0.086420 0.001050
2 0.226832 0.214016 0.163344 0.001820
3 0.114656 0.230604 0.051168 0.001118
8 0.185176 0.230604 0.109552 0.001118
9 0.305880 0.214042 0.009184 0.001794
5 0.331464 0.214042 0.016400 0.001820
6 0.162216 0.214042 0.064944 0.001820
2 0.137558 0.271200 0.068951 0.002125
7 0.190847 0.271200 0.038009 0.002125
5 0.246046 0.271325 0.023875 0.001975
3 0.105852 0.286675 0.036672 0.001700
8 0.174612 0.286725 0.097601 0.001850
2 0.582000 0.131500 0.058672 0.010101
2 0.685520 0.214848 0.173420 0.002444
3 0.638250 0.219268 0.050460 0.001352
8 0.668410 0.219268 0.162400 0.001352
5 0.785280 0.214822 0.045820 0.002444
2 0.140354 0.588700 0.103295 0.002600
7 0.240819 0.588900 0.086315 0.002400
5 0.318927 0.588800 0.041035 0.002400
3 0.135543 0.592875 0.046412 0.001900
8 0.172050 0.593025 0.100182 0.001900
2 0.142840 0.646400 0.085440 0.002350
7 0.182920 0.646425 0.020160 0.002300
5 0.251800 0.646400 0.020160 0.002300
3 0.111880 0.658325 0.054720 0.002000
8 0.170920 0.658400 0.114720 0.001950
2 0.145960 0.701250 0.086528 0.002575
7 0.219432 0.701250 0.044032 0.002575
5 0.287016 0.701250 0.057600 0.002575
3 0.137256 0.709975 0.036608 0.001450
8 0.216872 0.709975 0.092160 0.001450
2 0.164124 0.753925 0.090906 0.001825
7 0.180692 0.756200 0.058424 0.001075
5 0.222112 0.753925 0.049050 0.001825
3 0.114202 0.761600 0.024416 0.001000
8 0.151480 0.761600 0.057334 0.001000
2 0.186730 0.809575 0.108375 0.001575
6 0.136750 0.809600 0.101235 0.001600
5 0.309385 0.809600 0.016065 0.001525
3 0.133180 0.818150 0.074460 0.001125
8 0.208150 0.818125 0.128010 0.001100
2 0.607308 0.589925 0.081130 0.002925
7 0.680458 0.590050 0.078736 0.002700
5 0.773558 0.590100 0.032452 0.002700
3 0.583634 0.605850 0.062776 0.001600
8 0.644814 0.605900 0.060116 0.001600
2 0.609040 0.808875 0.103920 0.001950
3 0.579520 0.825125 0.048240 0.001000
7 0.629440 0.809250 0.038880 0.001175
5 0.717520 0.808850 0.053280 0.002000
8 0.653680 0.825100 0.129120 0.001025
