0 0.498500 0.105500 0.729000 0.041000
0 0.498500 0.149000 0.729000 0.018000
0 0.498500 0.203000 0.729000 0.060000
0 0.498500 0.268000 0.729000 0.040000
0 0.498500 0.323000 0.729000 0.040000
0 0.498500 0.387000 0.729000 0.060000
0 0.498500 0.441000 0.729000 0.018000
0 0.498500 0.485000 0.729000 0.040000
0 0.498500 0.539500 0.729000 0.039000
0 0.498500 0.583000 0.729000 0.018000
0 0.498500 0.626500 0.729000 0.039000
3 0.310418 0.087624 0.313470 0.002296
2 0.508706 0.087665 0.420633 0.002296
6 0.520370 0.090658 0.431568 0.002296
7 0.310418 0.090740 0.201204 0.002255
4 0.470069 0.090699 0.036450 0.002214
5 0.831653 0.090699 0.038637 0.002255
2 0.249182 0.149162 0.102060 0.005796
7 0.368009 0.149162 0.271188 0.005796
4 0.561194 0.149162 0.081648 0.005796
5 0.801764 0.149162 0.058320 0.005796
2 0.497771 0.250680 0.396576 0.002040
3 0.316250 0.250640 0.199746 0.002040
4 0.393524 0.253080 0.043011 0.001360
6 0.515996 0.250640 0.281394 0.002080
7 0.259388 0.253080 0.109350 0.001320
10 0.828008 0.253200 0.033534 0.001520
2 0.413936 0.310040 0.554040 0.005000
6 0.569942 0.310120 0.166941 0.001880
7 0.244079 0.312800 0.094041 0.002080
4 0.328643 0.312880 0.037179 0.001880
5 0.813428 0.312920 0.042282 0.001880
3 0.394618 0.362316 0.456536 0.003150
2 0.496678 0.365325 0.240570 0.003150
6 0.489388 0.369600 0.335340 0.003150
7 0.257019 0.373875 0.224167 0.003150
4 0.328096 0.373875 0.071078 0.003150
5 0.821994 0.373875 0.061965 0.003150
3 0.256472 0.441000 0.131220 0.007200
2 0.407375 0.441000 0.143613 0.007200
6 0.481733 0.441000 0.066339 0.007200
7 0.559007 0.441000 0.102060 0.007200
4 0.634094 0.441000 0.034992 0.007200
10 0.829466 0.441000 0.036450 0.007200
3 0.373841 0.468240 0.273375 0.001680
2 0.504332 0.470240 0.210681 0.002040
6 0.241892 0.472160 0.105705 0.001320
7 0.343223 0.472200 0.137052 0.001240
4 0.388421 0.472160 0.038637 0.001320
5 0.800306 0.472240 0.043011 0.001360
2 0.488294 0.528307 0.612360 0.003705
3 0.213461 0.528307 0.136323 0.003705
4 0.787913 0.550147 0.056133 0.003705
5 0.833111 0.550537 0.052488 0.002964
6 0.241163 0.550147 0.130491 0.003705
7 0.331559 0.550147 0.140697 0.003705
2 0.389879 0.583108 0.293058 0.001350
6 0.552446 0.583108 0.095499 0.001350
7 0.655964 0.583108 0.091125 0.001350
4 0.725948 0.583108 0.039366 0.001350
12 0.799577 0.583108 0.025515 0.001350
3 0.276884 0.611992 0.139239 0.002262
2 0.451844 0.611992 0.128304 0.002262
7 0.184301 0.615034 0.066339 0.002379
4 0.238976 0.615034 0.052488 0.002379
6 0.466424 0.612070 0.166212 0.002301
7 0.337391 0.612109 0.132678 0.002223
5 0.807596 0.614956 0.049572 0.002379
