0 0.480500 0.466500 0.123000 0.009000
0 0.500000 0.481500 0.700000 0.009000
0 0.500000 0.496500 0.700000 0.009000
0 0.500000 0.511500 0.700000 0.009000
0 0.500000 0.526500 0.700000 0.009000
0 0.500000 0.543500 0.062000 0.009000
0 0.500000 0.561500 0.700000 0.009000
0 0.500000 0.577500 0.700000 0.009000
0 0.500000 0.592500 0.700000 0.009000
0 0.500000 0.607500 0.700000 0.009000
0 0.500000 0.623500 0.700000 0.009000
0 0.500000 0.638500 0.700000 0.009000
0 0.500000 0.654500 0.700000 0.009000
0 0.500500 0.670500 0.047000 0.009000
0 0.500000 0.688500 0.700000 0.009000
0 0.500000 0.704500 0.700000 0.009000
0 0.501000 0.721500 0.038000 0.009000
0 0.500000 0.739500 0.700000 0.009000
0 0.500000 0.755500 0.700000 0.009000
0 0.500000 0.770500 0.700000 0.009000
0 0.500000 0.786500 0.700000 0.009000
0 0.500000 0.801500 0.700000 0.009000
0 0.500000 0.817500 0.700000 0.009000
0 0.500000 0.832500 0.700000 0.009000
2 0.346700 0.478485 0.270200 0.001000
3 0.266900 0.478485 0.029400 0.001000
4 0.542700 0.478485 0.028000 0.001000
7 0.471300 0.478485 0.072100 0.001000
2 0.246600 0.496365 0.156800 0.001000
7 0.392200 0.496374 0.117600 0.001000
4 0.469900 0.496374 0.031500 0.001000
5 0.798200 0.496392 0.081900 0.001000
2 0.316600 0.507774 0.182000 0.001000
3 0.392900 0.507783 0.107800 0.001000
4 0.553900 0.507783 0.030100 0.001000
7 0.484600 0.507783 0.067900 0.001000
6 0.194100 0.507774 0.081900 0.001000
2 0.305400 0.522558 0.335300 0.001000
3 0.287200 0.522558 0.093800 0.001000
4 0.467800 0.522558 0.025200 0.001000
7 0.391500 0.522558 0.077000 0.001000
5 0.808000 0.522558 0.042000 0.001000
2 0.360700 0.558674 0.347900 0.001000
4 0.501400 0.558683 0.035000 0.001000
7 0.434900 0.558683 0.065800 0.001000
2 0.414600 0.577581 0.538300 0.001000
4 0.637200 0.577581 0.022400 0.001000
5 0.801700 0.577590 0.048300 0.001000
6 0.253600 0.577590 0.109900 0.001000
7 0.474100 0.577581 0.160300 0.001000
2 0.236800 0.588621 0.254800 0.001000
3 0.425100 0.588621 0.122500 0.001000
7 0.558100 0.588621 0.119700 0.001000
4 0.698100 0.588621 0.030800 0.001000
5 0.786300 0.588621 0.053900 0.001000
2 0.232437 0.607532 0.168125 0.001000
3 0.362000 0.607530 0.091250 0.001000
7 0.463375 0.607530 0.175000 0.001000
4 0.657656 0.607534 0.037812 0.001000
5 0.799687 0.607530 0.083750 0.001000
2 0.377500 0.623680 0.220500 0.001000
3 0.299800 0.623671 0.090300 0.001000
4 0.565800 0.623680 0.024500 0.001000
7 0.464300 0.623680 0.108500 0.001000
6 0.189900 0.623680 0.062300 0.001000
6 0.265500 0.638554 0.105000 0.001000
3 0.352300 0.638554 0.087500 0.001000
2 0.427200 0.638554 0.074900 0.001000
7 0.495800 0.638554 0.144900 0.001000
4 0.484600 0.638554 0.028000 0.001000
10 0.792600 0.638545 0.091700 0.001000
2 0.323600 0.654437 0.350700 0.001000
7 0.465700 0.654437 0.161000 0.001000
4 0.497900 0.654437 0.018200 0.001000
5 0.806600 0.654437 0.072100 0.001000
2 0.500453 0.670500 0.037318 0.005994
2 0.371900 0.688689 0.244300 0.001000
4 0.592400 0.688680 0.029400 0.001000
7 0.514700 0.688689 0.067200 0.001000
5 0.794700 0.688671 0.040600 0.001000
2 0.241700 0.704545 0.192500 0.001000
3 0.407600 0.704545 0.074900 0.001000
7 0.483900 0.704545 0.198800 0.001000
4 0.683400 0.704545 0.031500 0.001000
5 0.774400 0.704545 0.075600 0.001000
2 0.352300 0.739581 0.251300 0.001000
6 0.224900 0.739581 0.120400 0.001000
7 0.497900 0.739581 0.247100 0.001000
4 0.558100 0.739581 0.036400 0.001000
5 0.793300 0.739581 0.054600 0.001000
6 0.293500 0.755671 0.441000 0.001000
2 0.451700 0.755671 0.179200 0.001000
7 0.627400 0.755671 0.151200 0.001000
4 0.693900 0.755671 0.025900 0.001000
5 0.800300 0.755671 0.039200 0.001000
6 0.245900 0.770464 0.169400 0.001000
3 0.365600 0.770464 0.135800 0.001000
2 0.502800 0.770464 0.106400 0.001000
7 0.602900 0.770464 0.114800 0.001000
4 0.680600 0.770464 0.030800 0.001000
5 0.802400 0.770464 0.081200 0.001000
2 0.345300 0.782495 0.135100 0.001000
3 0.416700 0.782495 0.116200 0.001000
4 0.528700 0.782495 0.026600 0.001000
5 0.785600 0.782495 0.049700 0.001000
7 0.486000 0.782495 0.037800 0.001000
2 0.317300 0.801500 0.296100 0.001000
3 0.546900 0.801500 0.106400 0.001000
7 0.682700 0.801500 0.106400 0.001000
4 0.738000 0.801500 0.033600 0.001000
5 0.791200 0.801500 0.042000 0.001000
2 0.397800 0.813783 0.213500 0.001000
3 0.475500 0.813783 0.126700 0.001000
4 0.696700 0.813783 0.035700 0.001000
7 0.613400 0.813783 0.083300 0.001000
5 0.776500 0.813801 0.058100 0.001000
6 0.279500 0.813783 0.254100 0.001000
2 0.294900 0.828639 0.319900 0.001000
3 0.487400 0.828639 0.091700 0.001000
7 0.602200 0.828639 0.219800 0.001000
4 0.707200 0.828639 0.041300 0.001000
5 0.817800 0.828639 0.059500 0.001000
