0 0.271000 0.176000 0.200000 0.054000
0 0.726500 0.162000 0.449000 0.026000
0 0.272000 0.387500 0.224000 0.027000
0 0.726500 0.697500 0.123000 0.027000
0 0.272000 0.237000 0.432000 0.020000
0 0.271500 0.264000 0.329000 0.020000
0 0.272000 0.290000 0.320000 0.020000
0 0.271500 0.316500 0.309000 0.019000
0 0.725500 0.238500 0.151000 0.021000
0 0.724500 0.266500 0.145000 0.019000
0 0.726000 0.293000 0.164000 0.020000
0 0.726000 0.319500 0.242000 0.019000
0 0.726000 0.345500 0.318000 0.019000
0 0.286000 0.437000 0.184000 0.020000
0 0.272000 0.463500 0.324000 0.019000
0 0.270000 0.489500 0.196000 0.019000
0 0.271000 0.516000 0.328000 0.020000
0 0.271500 0.542500 0.191000 0.019000
0 0.271500 0.568000 0.253000 0.020000
0 0.270000 0.594500 0.134000 0.019000
0 0.271500 0.620500 0.155000 0.019000
0 0.271500 0.646500 0.295000 0.019000
0 0.272000 0.672500 0.244000 0.019000
0 0.272000 0.699500 0.300000 0.019000
0 0.725500 0.464000 0.241000 0.018000
0 0.726000 0.490000 0.236000 0.018000
0 0.725500 0.511000 0.163000 0.018000
0 0.726500 0.532000 0.181000 0.018000
0 0.726500 0.555000 0.179000 0.018000
0 0.726500 0.577000 0.237000 0.018000
0 0.725500 0.601000 0.155000 0.018000
0 0.726500 0.747000 0.407000 0.020000
0 0.726000 0.773500 0.326000 0.019000
0 0.726000 0.800000 0.432000 0.020000
0 0.726500 0.826500 0.449000 0.019000
2 0.261632 0.237220 0.388368 0.005940
3 0.107840 0.237160 0.069984 0.005940
4 0.440912 0.237220 0.064800 0.005940
2 0.266894 0.263860 0.276360 0.011960
4 0.413299 0.263860 0.034216 0.007540
2 0.281280 0.290000 0.226880 0.007060
4 0.383680 0.290000 0.039360 0.007060
2 0.261303 0.316538 0.226497 0.008873
3 0.174783 0.316538 0.074778 0.008873
11 0.259449 0.316538 0.048204 0.008873
2 0.706021 0.239319 0.054662 0.009219
5 0.783635 0.239340 0.036240 0.009198
2 0.723775 0.266500 0.100775 0.015580
2 0.731904 0.293000 0.060188 0.015820
4 0.782744 0.293000 0.033292 0.015820
2 0.728662 0.318854 0.177386 0.007676
5 0.824252 0.318607 0.034606 0.008075
2 0.723138 0.345291 0.223872 0.008303
2 0.267968 0.437220 0.073416 0.018300
5 0.326296 0.436820 0.037168 0.019180
2 0.275888 0.463538 0.215136 0.010260
5 0.404840 0.463557 0.035640 0.008379
2 0.257946 0.489405 0.133084 0.015295
5 0.346636 0.489405 0.038220 0.015295
2 0.271656 0.515340 0.290936 0.007860
2 0.270927 0.542310 0.106196 0.013623
5 0.323452 0.542861 0.043357 0.009747
2 0.277319 0.567420 0.205436 0.009660
2 0.244004 0.594291 0.048106 0.015257
4 0.304438 0.594291 0.019028 0.015257
2 0.274600 0.620690 0.136400 0.006460
2 0.274745 0.646500 0.256060 0.009500
2 0.271512 0.672500 0.180072 0.014820
5 0.373992 0.672500 0.040016 0.014820
2 0.272900 0.698873 0.258000 0.012996
4 0.395300 0.699006 0.027600 0.012844
2 0.717065 0.464000 0.183401 0.006750
2 0.724348 0.489910 0.167560 0.006264
2 0.733487 0.510946 0.067319 0.013428
5 0.789559 0.510946 0.017441 0.013428
2 0.727224 0.531982 0.088509 0.014418
4 0.774103 0.531982 0.030227 0.014418
2 0.715313 0.555000 0.078312 0.013500
4 0.792506 0.555000 0.033563 0.013500
2 0.726737 0.577000 0.149310 0.013500
5 0.822485 0.577000 0.039579 0.013500
2 0.718215 0.601000 0.062310 0.010404
4 0.766730 0.600892 0.035650 0.010404
2 0.725686 0.747340 0.356532 0.007280
3 0.624750 0.747340 0.093610 0.007280
4 0.895405 0.747340 0.046398 0.007280
2 0.747190 0.773500 0.141810 0.012673
3 0.645152 0.773500 0.099430 0.012673
4 0.850858 0.773500 0.075632 0.012673
2 0.727728 0.798840 0.362880 0.008320
3 0.606336 0.798840 0.192672 0.008320
4 0.727728 0.798840 0.053568 0.008320
5 0.909600 0.798840 0.064800 0.008320
2 0.726051 0.826557 0.249195 0.008949
3 0.625475 0.826557 0.167477 0.008949
4 0.818545 0.826557 0.072738 0.008949
5 0.915978 0.826557 0.069146 0.008949
