0 0.500000 0.106500 0.462000 0.107000
0 0.499000 0.239500 0.452000 0.067000
0 0.546000 0.342500 0.338000 0.049000
0 0.500000 0.445500 0.458000 0.067000
0 0.499000 0.559000 0.502000 0.068000
2 0.472332 0.211762 0.201592 0.004958
4 0.631888 0.211226 0.039776 0.006298
6 0.407696 0.234743 0.164528 0.002948
6 0.560924 0.234676 0.097632 0.002948
6 0.465552 0.245061 0.169048 0.003082
6 0.632792 0.245061 0.080456 0.003216
2 0.494962 0.325791 0.127764 0.003528
4 0.538226 0.325791 0.018590 0.003528
8 0.545662 0.341128 0.329888 0.003528
2 0.502748 0.421581 0.343500 0.008241
5 0.680910 0.421246 0.032976 0.005628
8 0.500458 0.446036 0.346248 0.016616
