0 0.499500 0.077500 0.727000 0.039000
0 0.499500 0.129500 0.727000 0.039000
0 0.499500 0.180500 0.727000 0.039000
0 0.499500 0.232500 0.727000 0.039000
0 0.499500 0.272500 0.727000 0.017000
0 0.180500 0.348000 0.089000 0.018000
0 0.499500 0.380500 0.727000 0.017000
0 0.499500 0.421500 0.727000 0.039000
0 0.499500 0.472500 0.727000 0.039000
0 0.499500 0.524500 0.727000 0.039000
0 0.499500 0.576500 0.727000 0.039000
0 0.499500 0.628500 0.727000 0.039000
0 0.499500 0.680500 0.727000 0.039000
0 0.499500 0.733500 0.727000 0.039000
0 0.499500 0.774500 0.727000 0.017000
0 0.499500 0.815500 0.727000 0.039000
0 0.499500 0.867500 0.727000 0.039000
2 0.484960 0.061042 0.553974 0.003627
3 0.333744 0.061042 0.276260 0.003627
4 0.331563 0.066892 0.042166 0.001638
5 0.793208 0.067282 0.059614 0.001677
6 0.201430 0.066931 0.079970 0.001638
7 0.381726 0.066931 0.127952 0.001638
2 0.488595 0.113549 0.570695 0.002886
3 0.255955 0.113549 0.242091 0.002886
6 0.498046 0.116396 0.117774 0.002067
4 0.203611 0.116396 0.053798 0.002067
7 0.237780 0.116396 0.136676 0.002067
5 0.819380 0.116396 0.087967 0.002067
2 0.495865 0.166655 0.535072 0.003003
3 0.284308 0.166655 0.258085 0.003003
6 0.521310 0.166655 0.100326 0.003003
4 0.194160 0.169931 0.062522 0.001833
7 0.279219 0.169931 0.127952 0.001833
5 0.802659 0.170165 0.073427 0.001716
2 0.475509 0.215223 0.667386 0.002808
3 0.183982 0.217056 0.130860 0.001521
4 0.567111 0.217095 0.038531 0.001482
5 0.804113 0.217095 0.095964 0.001443
6 0.394085 0.217095 0.169391 0.001482
7 0.680523 0.217095 0.085059 0.001482
3 0.247958 0.272500 0.215919 0.006494
2 0.415168 0.272500 0.214465 0.006358
6 0.500227 0.272500 0.053071 0.006358
4 0.588194 0.272500 0.045074 0.006324
5 0.814291 0.272500 0.043620 0.006324
2 0.180500 0.348000 0.086033 0.015702
2 0.327928 0.380500 0.354049 0.001207
6 0.418803 0.380500 0.099599 0.001207
4 0.534396 0.380500 0.047982 0.001207
7 0.612912 0.380500 0.093783 0.001207
5 0.798297 0.380500 0.093783 0.001207
2 0.423165 0.407772 0.258085 0.001950
3 0.261771 0.407733 0.249361 0.001989
4 0.217424 0.411165 0.045074 0.001443
5 0.812110 0.411087 0.082151 0.001677
6 0.545301 0.407811 0.095964 0.001950
7 0.250866 0.411204 0.098872 0.001482
2 0.416622 0.455379 0.396215 0.001287
3 0.265406 0.455379 0.141765 0.001287
4 0.364278 0.456354 0.026899 0.001000
5 0.820834 0.456315 0.037077 0.001000
6 0.203611 0.456393 0.074881 0.001000
7 0.422438 0.456354 0.116320 0.001000
2 0.495865 0.509290 0.497995 0.001833
4 0.196341 0.523135 0.066884 0.001521
7 0.278492 0.523174 0.117774 0.001443
6 0.549663 0.509212 0.079970 0.001950
10 0.812837 0.522823 0.053798 0.001716
2 0.471147 0.561407 0.359138 0.002574
6 0.359916 0.563513 0.359865 0.002574
4 0.466785 0.565619 0.032715 0.001326
7 0.524218 0.565619 0.063249 0.001326
5 0.808475 0.565619 0.090875 0.001326
2 0.468966 0.620856 0.568514 0.007020
3 0.303210 0.620856 0.174480 0.007020
4 0.588921 0.627447 0.046528 0.001872
5 0.798297 0.627447 0.061068 0.001872
6 0.458788 0.627447 0.093056 0.001872
7 0.676161 0.627447 0.075608 0.001872
11 0.368640 0.627447 0.066884 0.001872
3 0.256682 0.665212 0.119955 0.001599
2 0.485687 0.665212 0.489271 0.001599
4 0.507497 0.667513 0.029080 0.001170
5 0.824469 0.667552 0.057433 0.001209
6 0.410079 0.667474 0.087967 0.001170
7 0.594010 0.667552 0.057433 0.001209
2 0.466058 0.719382 0.348233 0.002301
3 0.218878 0.719421 0.113412 0.002262
4 0.198522 0.723594 0.042166 0.001482
5 0.821561 0.723594 0.061068 0.001560
6 0.610731 0.719538 0.095964 0.002067
7 0.256682 0.723594 0.077062 0.001443
2 0.420984 0.774245 0.266082 0.001003
3 0.204338 0.774245 0.123590 0.001003
4 0.563476 0.774245 0.033442 0.001003
5 0.791027 0.774245 0.048709 0.001003
6 0.490049 0.774245 0.067611 0.001003
7 0.668891 0.774245 0.092329 0.001003
3 0.330836 0.801421 0.288619 0.001677
2 0.553298 0.801382 0.252269 0.001677
6 0.231964 0.815968 0.087240 0.001326
4 0.333017 0.815929 0.034169 0.001287
7 0.383907 0.815929 0.077789 0.001326
5 0.815018 0.815890 0.050890 0.001365
2 0.415895 0.854357 0.346052 0.001833
3 0.196341 0.854357 0.174480 0.001833
4 0.180347 0.858764 0.050890 0.001833
5 0.823015 0.858764 0.062522 0.001833
6 0.554025 0.854357 0.155578 0.001833
7 0.250866 0.858764 0.110504 0.001833
11 0.414441 0.854357 0.107596 0.001833
