0 0.195000 0.386000 0.120000 0.020000
0 0.499000 0.065500 0.728000 0.017000
0 0.499000 0.097500 0.728000 0.017000
0 0.499000 0.127500 0.728000 0.017000
0 0.499000 0.157500 0.728000 0.017000
0 0.499000 0.187500 0.728000 0.017000
0 0.499000 0.217500 0.728000 0.017000
0 0.499000 0.247500 0.728000 0.017000
0 0.499000 0.277500 0.728000 0.017000
0 0.499000 0.307500 0.728000 0.017000
0 0.499000 0.338500 0.728000 0.017000
0 0.499000 0.416500 0.728000 0.017000
0 0.499000 0.446500 0.728000 0.017000
0 0.499000 0.476500 0.728000 0.017000
0 0.499000 0.506500 0.728000 0.017000
0 0.499000 0.536500 0.728000 0.017000
0 0.499000 0.566500 0.728000 0.017000
0 0.499000 0.596500 0.728000 0.017000
0 0.499000 0.626500 0.728000 0.017000
0 0.499000 0.656500 0.728000 0.017000
0 0.499000 0.686500 0.728000 0.017000
0 0.499000 0.716500 0.728000 0.017000
0 0.499000 0.746500 0.728000 0.017000
0 0.499000 0.776500 0.728000 0.017000
0 0.499000 0.806500 0.728000 0.017000
2 0.195000 0.386000 0.118800 0.017000
2 0.390528 0.065330 0.404040 0.001000
5 0.810584 0.065330 0.039312 0.001000
2 0.300256 0.097381 0.314496 0.001020
5 0.798208 0.097398 0.062608 0.001020
3 0.230368 0.127500 0.210392 0.004862
5 0.831696 0.127483 0.048776 0.004862
2 0.260216 0.156786 0.244608 0.005287
5 0.828784 0.156786 0.067704 0.005287
2 0.322096 0.187313 0.374920 0.001530
5 0.815680 0.187381 0.094640 0.001428
2 0.317728 0.217500 0.358176 0.005661
5 0.793840 0.217500 0.080808 0.005661
2 0.263128 0.247449 0.243152 0.001190
5 0.796752 0.247585 0.076440 0.001207
2 0.309720 0.273420 0.189280 0.001360
5 0.797480 0.273420 0.050960 0.001360
2 0.260944 0.307500 0.195832 0.007089
5 0.801848 0.307500 0.105560 0.007089
2 0.331560 0.338500 0.342160 0.003230
5 0.793840 0.338500 0.120120 0.003230
2 0.226000 0.416211 0.211848 0.001598
5 0.817864 0.416211 0.091728 0.001598
2 0.314816 0.443729 0.333424 0.005610
5 0.809128 0.443593 0.097552 0.005678
2 0.338112 0.472998 0.186368 0.001071
5 0.826600 0.472998 0.037128 0.001071
2 0.401448 0.506296 0.332696 0.001000
4 0.496088 0.506296 0.029848 0.001000
5 0.793840 0.506296 0.064064 0.001000
2 0.300984 0.533746 0.319592 0.001496
5 0.780008 0.533746 0.079352 0.001496
2 0.320640 0.566160 0.312312 0.001343
5 0.818592 0.566160 0.079352 0.001343
2 0.317728 0.596024 0.336336 0.003298
5 0.794568 0.595990 0.094640 0.003230
2 0.325736 0.624188 0.346528 0.004624
5 0.804032 0.624426 0.104104 0.004148
2 0.327920 0.656449 0.239512 0.001292
5 0.803304 0.656398 0.052416 0.001428
2 0.400720 0.687605 0.539448 0.002040
5 0.831696 0.687486 0.054600 0.001904
2 0.314088 0.716619 0.290472 0.003298
5 0.751616 0.716585 0.085176 0.003264
2 0.335200 0.746347 0.340704 0.003468
5 0.811312 0.746347 0.097552 0.003468
2 0.400720 0.776347 0.431704 0.002771
5 0.800392 0.776347 0.118664 0.002771
2 0.301712 0.811192 0.281008 0.001598
5 0.785104 0.811005 0.077896 0.001666
