0 0.499500 0.060000 0.397000 0.016000
0 0.273000 0.086500 0.430000 0.011000
0 0.273000 0.109000 0.430000 0.024000
0 0.273000 0.131000 0.430000 0.010000
0 0.273000 0.146000 0.430000 0.010000
0 0.273000 0.161000 0.430000 0.010000
0 0.273000 0.176000 0.430000 0.010000
0 0.273000 0.191000 0.430000 0.010000
0 0.273000 0.206500 0.430000 0.011000
0 0.273000 0.221500 0.430000 0.011000
0 0.273000 0.236500 0.430000 0.011000
0 0.724000 0.086500 0.430000 0.011000
0 0.724000 0.101000 0.430000 0.010000
0 0.724000 0.116000 0.430000 0.010000
0 0.724000 0.131000 0.430000 0.010000
0 0.724000 0.146000 0.430000 0.010000
0 0.724000 0.161000 0.430000 0.010000
0 0.724000 0.176000 0.430000 0.010000
0 0.724000 0.191000 0.430000 0.010000
0 0.724000 0.206500 0.430000 0.011000
0 0.724000 0.221500 0.430000 0.011000
0 0.499500 0.273500 0.265000 0.015000
0 0.499500 0.299000 0.131000 0.012000
0 0.273000 0.324500 0.430000 0.023000
0 0.273000 0.346000 0.430000 0.010000
0 0.273000 0.361000 0.430000 0.010000
0 0.273000 0.376000 0.430000 0.010000
0 0.273000 0.391000 0.430000 0.010000
0 0.273000 0.406000 0.430000 0.010000
0 0.724000 0.318000 0.430000 0.010000
0 0.724000 0.333000 0.430000 0.010000
0 0.724000 0.354500 0.430000 0.023000
0 0.724000 0.376000 0.430000 0.010000
0 0.724000 0.391000 0.430000 0.010000
0 0.499500 0.429000 0.167000 0.012000
0 0.273000 0.454500 0.430000 0.023000
0 0.273000 0.476000 0.430000 0.010000
0 0.273000 0.491000 0.430000 0.010000
0 0.273000 0.506000 0.430000 0.010000
0 0.724000 0.448000 0.430000 0.010000
0 0.724000 0.469500 0.430000 0.023000
0 0.724000 0.491000 0.430000 0.010000
0 0.499500 0.535000 0.479000 0.012000
0 0.273000 0.556000 0.430000 0.010000
0 0.273000 0.571000 0.430000 0.010000
0 0.273000 0.586000 0.430000 0.010000
0 0.273000 0.608000 0.430000 0.024000
0 0.273000 0.630000 0.430000 0.010000
0 0.273000 0.652000 0.430000 0.024000
0 0.724000 0.562500 0.430000 0.023000
0 0.724000 0.586000 0.430000 0.010000
0 0.724000 0.601000 0.430000 0.010000
0 0.724000 0.623000 0.430000 0.024000
0 0.724000 0.645000 0.430000 0.010000
0 0.724000 0.660000 0.430000 0.010000
0 0.499500 0.699500 0.303000 0.015000
0 0.273000 0.725000 0.430000 0.010000
0 0.273000 0.740000 0.430000 0.010000
0 0.273000 0.755000 0.430000 0.010000
0 0.273000 0.770000 0.430000 0.010000
0 0.273000 0.785000 0.430000 0.010000
0 0.273000 0.800000 0.430000 0.010000
0 0.273000 0.815000 0.430000 0.010000
0 0.724000 0.731500 0.430000 0.023000
0 0.724000 0.755000 0.430000 0.010000
0 0.724000 0.770000 0.430000 0.010000
0 0.724000 0.785000 0.430000 0.010000
0 0.724000 0.800000 0.430000 0.010000
0 0.499500 0.850500 0.083000 0.015000
0 0.273000 0.873000 0.430000 0.010000
0 0.273000 0.888000 0.430000 0.010000
0 0.273000 0.903000 0.430000 0.010000
0 0.724000 0.873000 0.430000 0.010000
0 0.724000 0.888000 0.430000 0.010000
0 0.724000 0.903000 0.430000 0.010000
2 0.251500 0.086709 0.176730 0.001000
3 0.183130 0.086709 0.080840 0.001000
4 0.300090 0.086709 0.022360 0.001000
5 0.464350 0.086709 0.021930 0.001000
3 0.143140 0.100456 0.068800 0.001080
2 0.235590 0.100456 0.074820 0.001080
11 0.315140 0.100432 0.052030 0.001104
4 0.269990 0.102760 0.015050 0.001000
5 0.464780 0.102784 0.020210 0.001000
2 0.220110 0.127850 0.162970 0.001630
3 0.137120 0.127850 0.073530 0.001630
4 0.283320 0.127850 0.017630 0.001630
5 0.460050 0.127960 0.030100 0.001410
11 0.245910 0.127850 0.018920 0.001630
2 0.225270 0.146320 0.173720 0.001000
4 0.269990 0.146320 0.025800 0.001000
5 0.472090 0.146320 0.023220 0.001000
2 0.252790 0.160900 0.120400 0.001000
3 0.182700 0.160900 0.035260 0.001000
4 0.309120 0.160900 0.012900 0.001000
5 0.458760 0.160900 0.025800 0.001000
2 0.246340 0.176090 0.115240 0.001000
3 0.186570 0.176090 0.059340 0.001000
4 0.282030 0.176090 0.022360 0.001000
2 0.182270 0.190790 0.082990 0.001000
3 0.142710 0.190790 0.047300 0.001000
4 0.218820 0.190790 0.016770 0.001000
5 0.464350 0.190830 0.023650 0.001000
3 0.152170 0.207138 0.116100 0.001000
2 0.276870 0.207138 0.114380 0.001000
4 0.369320 0.207138 0.022790 0.001000
5 0.455320 0.207138 0.031820 0.001000
2 0.267840 0.219850 0.175870 0.001000
4 0.312990 0.219850 0.022360 0.001000
5 0.463060 0.219839 0.030100 0.001000
2 0.263970 0.236489 0.106640 0.001000
3 0.119920 0.236489 0.108360 0.001000
4 0.336640 0.236489 0.011610 0.001000
5 0.447580 0.236489 0.030530 0.001000
11 0.225270 0.236489 0.038270 0.001000
2 0.647460 0.086390 0.155230 0.001000
3 0.578660 0.086390 0.052030 0.001000
4 0.738620 0.086390 0.030100 0.001000
5 0.916640 0.086390 0.020640 0.001000
2 0.653050 0.101050 0.143620 0.001000
4 0.744210 0.101050 0.025800 0.001000
5 0.913200 0.101050 0.032680 0.001000
2 0.690030 0.114660 0.169420 0.001000
3 0.627250 0.114670 0.090730 0.001000
4 0.790220 0.114670 0.030100 0.001000
5 0.919220 0.114700 0.026230 0.001000
2 0.709380 0.131070 0.174150 0.001000
3 0.637140 0.131070 0.113090 0.001000
4 0.739480 0.131070 0.018490 0.001000
5 0.917070 0.131070 0.032680 0.001000
2 0.716260 0.144840 0.242950 0.002030
3 0.635850 0.144840 0.076110 0.002030
4 0.788070 0.144840 0.027950 0.002030
5 0.919650 0.144840 0.025370 0.002030
2 0.648750 0.157240 0.122980 0.001000
3 0.594140 0.157240 0.054610 0.001000
4 0.703360 0.157250 0.017630 0.001000
5 0.914490 0.157260 0.023220 0.001000
2 0.663370 0.176000 0.156950 0.001000
3 0.582100 0.175990 0.057190 0.001000
4 0.713680 0.176000 0.017200 0.001000
10 0.926960 0.176000 0.024080 0.001000
2 0.698630 0.190660 0.146200 0.001000
3 0.630690 0.190660 0.067940 0.001000
4 0.755820 0.190660 0.016770 0.001000
5 0.914920 0.190660 0.020640 0.001000
2 0.691750 0.206401 0.156090 0.001000
3 0.646170 0.206401 0.046010 0.001000
4 0.744640 0.206401 0.013330 0.001000
5 0.916210 0.206401 0.023650 0.001000
2 0.643590 0.217705 0.137600 0.001000
3 0.604460 0.217716 0.044720 0.001000
4 0.717120 0.217705 0.018060 0.001000
7 0.667670 0.217705 0.024080 0.001000
10 0.919650 0.217716 0.015910 0.001000
2 0.499500 0.299000 0.129690 0.010680
2 0.233440 0.316289 0.181460 0.001334
3 0.166790 0.316289 0.062350 0.001334
4 0.368030 0.317347 0.018490 0.001035
6 0.205920 0.316266 0.025800 0.001334
7 0.203770 0.317347 0.108360 0.001058
2 0.230860 0.342420 0.196940 0.001000
3 0.143570 0.342420 0.067080 0.001000
4 0.317290 0.342420 0.030100 0.001000
5 0.465640 0.342420 0.040420 0.001000
7 0.213230 0.342420 0.043860 0.001000
2 0.252790 0.360610 0.116530 0.001000
3 0.160340 0.360610 0.065360 0.001000
7 0.196890 0.360610 0.022790 0.001000
4 0.343520 0.360610 0.018060 0.001000
5 0.451880 0.360610 0.018060 0.001000
11 0.319440 0.360610 0.018920 0.001000
3 0.177970 0.374330 0.110510 0.001410
7 0.235590 0.374280 0.029670 0.001470
2 0.291060 0.374300 0.113090 0.001410
4 0.340510 0.374260 0.019350 0.001510
5 0.454890 0.374280 0.024510 0.001420
2 0.238170 0.390320 0.095890 0.001000
3 0.187430 0.390320 0.049880 0.001000
4 0.297940 0.390320 0.018490 0.001000
5 0.462630 0.390320 0.019350 0.001000
7 0.270850 0.390320 0.026660 0.001000
2 0.286330 0.406000 0.144480 0.001000
3 0.196460 0.406000 0.088150 0.001000
4 0.320730 0.406000 0.018490 0.001000
7 0.305250 0.406000 0.015480 0.001000
10 0.468220 0.406000 0.015480 0.001000
3 0.567910 0.317950 0.049020 0.001000
7 0.593710 0.317950 0.030530 0.001000
2 0.641870 0.317950 0.041280 0.001000
11 0.695620 0.317950 0.050310 0.001000
4 0.723570 0.317950 0.021500 0.001000
5 0.912340 0.317950 0.026660 0.001000
2 0.706370 0.330390 0.126850 0.001000
3 0.617360 0.330390 0.112230 0.001000
4 0.765710 0.330420 0.022360 0.001000
10 0.918790 0.330370 0.021070 0.001000
2 0.709380 0.346289 0.187050 0.001000
3 0.588550 0.346289 0.072670 0.001000
6 0.663370 0.346289 0.045580 0.001000
7 0.712390 0.347186 0.066220 0.001000
4 0.623380 0.347186 0.023650 0.001000
5 0.904600 0.347186 0.024940 0.001000
11 0.599300 0.347186 0.019780 0.001000
3 0.568340 0.375760 0.061920 0.001000
2 0.632410 0.375760 0.073530 0.001000
4 0.674980 0.375760 0.024510 0.001000
5 0.913200 0.375760 0.024510 0.001000
3 0.613920 0.391050 0.144480 0.001000
4 0.827200 0.391050 0.032680 0.001000
5 0.903740 0.391050 0.036980 0.001000
7 0.742060 0.391050 0.083420 0.001000
7 0.499500 0.428916 0.166833 0.011196
3 0.144860 0.476140 0.110510 0.001000
2 0.229140 0.476140 0.043430 0.001000
6 0.194740 0.476130 0.043430 0.001000
4 0.310410 0.476140 0.017630 0.001000
10 0.471230 0.476160 0.017630 0.001000
2 0.190870 0.490980 0.060200 0.001000
3 0.122500 0.490980 0.065790 0.001000
4 0.254940 0.490980 0.016770 0.001000
5 0.449300 0.490980 0.024080 0.001000
7 0.219250 0.490980 0.030100 0.001000
3 0.183130 0.505410 0.089440 0.001250
7 0.229140 0.505400 0.047730 0.001260
4 0.257520 0.505410 0.018060 0.001260
5 0.458760 0.505450 0.029670 0.001240
2 0.670680 0.443710 0.099330 0.001000
3 0.616070 0.443710 0.053750 0.001000
4 0.722280 0.443720 0.017200 0.001000
7 0.690890 0.443710 0.031390 0.001000
5 0.914490 0.443720 0.020210 0.001000
3 0.654340 0.459564 0.199950 0.001035
7 0.744210 0.459610 0.057190 0.001000
2 0.684440 0.461128 0.125990 0.001173
4 0.700780 0.462094 0.022360 0.001000
5 0.902450 0.462048 0.024080 0.001000
3 0.637140 0.491060 0.072670 0.001000
7 0.669820 0.491060 0.030100 0.001000
2 0.708090 0.491060 0.046870 0.001000
4 0.736900 0.491060 0.018920 0.001000
5 0.919650 0.491060 0.019780 0.001000
7 0.499500 0.535000 0.479000 0.012000
2 0.235590 0.555850 0.137600 0.001000
4 0.366310 0.555850 0.016340 0.001000
5 0.449300 0.555870 0.018920 0.001000
7 0.320300 0.555850 0.046010 0.001000
2 0.217100 0.570900 0.116100 0.001000
4 0.291920 0.570900 0.013760 0.001000
5 0.462200 0.570900 0.013760 0.001000
7 0.260100 0.570900 0.031820 0.001000
2 0.241610 0.584710 0.133300 0.001000
3 0.156040 0.584710 0.076110 0.001000
4 0.349110 0.584710 0.020640 0.001000
7 0.298800 0.584710 0.046010 0.001000
5 0.473810 0.584710 0.014190 0.001000
3 0.173670 0.598880 0.071380 0.001080
2 0.205060 0.598880 0.167270 0.001080
6 0.168510 0.598832 0.052030 0.001128
7 0.133250 0.600224 0.060200 0.001080
4 0.165500 0.600248 0.021070 0.001032
5 0.459620 0.600272 0.024940 0.001008
2 0.223120 0.629940 0.113090 0.001000
4 0.312560 0.629960 0.018060 0.001000
7 0.263970 0.629970 0.045150 0.001000
5 0.474670 0.629940 0.013330 0.001000
2 0.710240 0.553070 0.224030 0.003128
3 0.579520 0.553093 0.130720 0.003059
4 0.663800 0.555692 0.027090 0.001219
7 0.586400 0.555715 0.043860 0.001173
5 0.914490 0.555692 0.019350 0.001196
2 0.684010 0.584460 0.116100 0.001000
6 0.624670 0.584500 0.061490 0.001000
7 0.729590 0.584490 0.045580 0.001000
4 0.773450 0.584520 0.018490 0.001000
5 0.915350 0.584460 0.020210 0.001000
3 0.592420 0.600700 0.058910 0.001000
2 0.658640 0.600700 0.067510 0.001000
7 0.723140 0.600700 0.034830 0.001000
4 0.742490 0.600700 0.022790 0.001000
5 0.917930 0.600700 0.021070 0.001000
3 0.625530 0.614960 0.135450 0.001000
2 0.715830 0.615008 0.060200 0.001008
6 0.670250 0.615008 0.040850 0.001000
7 0.565760 0.616712 0.036980 0.001000
4 0.602310 0.616712 0.018490 0.001000
5 0.913200 0.616784 0.018490 0.001000
3 0.597150 0.644890 0.055900 0.001000
2 0.701210 0.644890 0.091590 0.001000
6 0.656920 0.644890 0.035690 0.001000
7 0.757110 0.644890 0.021930 0.001000
4 0.779040 0.644890 0.014190 0.001000
10 0.899010 0.644910 0.015910 0.001000
2 0.706800 0.656900 0.122550 0.001000
3 0.618220 0.656900 0.090730 0.001000
6 0.667670 0.656900 0.042570 0.001000
7 0.761410 0.656900 0.046010 0.001000
5 0.908900 0.656900 0.029240 0.001000
2 0.166360 0.724680 0.114810 0.001000
3 0.117340 0.724680 0.048160 0.001000
4 0.304390 0.724680 0.023220 0.001000
5 0.463920 0.724670 0.023220 0.001000
6 0.222690 0.724680 0.056330 0.001000
7 0.263540 0.724680 0.056760 0.001000
2 0.176250 0.739850 0.110510 0.001000
3 0.117340 0.739850 0.036980 0.001000
4 0.349970 0.739850 0.018060 0.001000
5 0.455320 0.739850 0.028380 0.001000
6 0.227850 0.739850 0.043860 0.001000
7 0.298800 0.739850 0.049020 0.001000
3 0.177970 0.755000 0.062350 0.001000
2 0.223550 0.755000 0.101480 0.001000
6 0.185710 0.755000 0.077830 0.001000
7 0.301810 0.755000 0.125130 0.001000
4 0.378350 0.755000 0.031820 0.001000
5 0.457470 0.755000 0.030960 0.001000
2 0.224410 0.770070 0.147920 0.001000
3 0.150020 0.770060 0.069660 0.001000
4 0.371900 0.770090 0.021930 0.001000
5 0.448440 0.770060 0.039560 0.001000
6 0.253220 0.770070 0.053750 0.001000
7 0.340940 0.770070 0.049880 0.001000
2 0.208930 0.784770 0.201670 0.001000
3 0.167220 0.784770 0.050310 0.001000
4 0.383940 0.784770 0.020210 0.001000
5 0.460050 0.784830 0.024510 0.001000
6 0.226560 0.784770 0.052460 0.001000
7 0.304820 0.784770 0.073960 0.001000
2 0.171520 0.795720 0.099760 0.001000
3 0.115620 0.795720 0.044290 0.001000
4 0.335780 0.795720 0.020210 0.001000
7 0.248060 0.795720 0.084280 0.001000
10 0.464780 0.795720 0.020210 0.001000
2 0.220110 0.811820 0.158670 0.001000
3 0.171950 0.811820 0.047730 0.001000
4 0.271280 0.811820 0.024940 0.001000
5 0.464780 0.811820 0.022360 0.001000
6 0.238170 0.811820 0.033110 0.001000
2 0.658640 0.724163 0.145770 0.001000
6 0.677560 0.725750 0.069230 0.001000
7 0.694330 0.726785 0.146630 0.001000
4 0.839670 0.726808 0.018920 0.001000
5 0.923520 0.726854 0.017630 0.001000
3 0.585970 0.754770 0.058480 0.004190
2 0.644020 0.754770 0.148780 0.004190
7 0.746790 0.754770 0.090300 0.004190
4 0.798390 0.754770 0.028810 0.004190
5 0.906750 0.754770 0.030960 0.004190
2 0.674120 0.769990 0.113090 0.001000
3 0.586400 0.770000 0.045150 0.001000
4 0.837950 0.769990 0.019350 0.001000
5 0.904170 0.769980 0.022360 0.001000
6 0.647460 0.769990 0.038270 0.001000
7 0.750230 0.770010 0.095030 0.001000
2 0.673260 0.784900 0.130290 0.001000
3 0.616070 0.784900 0.046010 0.001000
4 0.776030 0.784900 0.014190 0.001000
5 0.916640 0.784900 0.015480 0.001000
6 0.647030 0.784900 0.021500 0.001000
7 0.734320 0.784900 0.036550 0.001000
2 0.674550 0.799880 0.113520 0.001000
3 0.616500 0.799880 0.055040 0.001000
4 0.760550 0.799880 0.020210 0.001000
7 0.732600 0.799880 0.025370 0.001000
10 0.919220 0.799880 0.018490 0.001000
2 0.499334 0.850200 0.038346 0.013530
2 0.292780 0.873250 0.124270 0.001000
3 0.140560 0.873250 0.073960 0.001000
4 0.362010 0.873250 0.018920 0.001000
7 0.206780 0.873250 0.026660 0.001000
5 0.451880 0.873250 0.022360 0.001000
3 0.177110 0.887750 0.073960 0.001000
2 0.210220 0.887750 0.191780 0.001000
7 0.262250 0.887750 0.046870 0.001000
4 0.313420 0.887750 0.022360 0.001000
5 0.465210 0.887750 0.021500 0.001000
2 0.293640 0.902960 0.135020 0.001000
3 0.174100 0.902960 0.111800 0.001000
4 0.376200 0.902960 0.036980 0.001000
5 0.455750 0.902960 0.028380 0.001000
7 0.237310 0.902960 0.075680 0.001000
2 0.750230 0.872770 0.069230 0.001000
3 0.601880 0.872770 0.052030 0.001000
4 0.808280 0.872770 0.012900 0.001000
7 0.639720 0.872770 0.027520 0.001000
10 0.911910 0.872770 0.012900 0.001000
2 0.669390 0.888110 0.126420 0.001140
3 0.608330 0.888130 0.060200 0.001130
7 0.718840 0.888130 0.047300 0.001130
4 0.767430 0.888150 0.026660 0.001130
5 0.919650 0.888140 0.034400 0.001130
3 0.626390 0.903590 0.092450 0.001000
7 0.691320 0.903590 0.031390 0.001000
2 0.746790 0.903590 0.081270 0.001000
4 0.781620 0.903590 0.018490 0.001000
5 0.903310 0.903590 0.015050 0.001000
