0 0.098000 0.224500 0.094000 0.015000
0 0.114500 0.428000 0.127000 0.016000
0 0.101500 0.629000 0.101000 0.016000
0 0.586500 0.225000 0.073000 0.016000
0 0.626000 0.435500 0.150000 0.017000
0 0.248000 0.261000 0.394000 0.026000
0 0.249000 0.298500 0.396000 0.025000
0 0.249000 0.336000 0.396000 0.026000
0 0.249000 0.374000 0.396000 0.026000
0 0.249000 0.461500 0.396000 0.027000
0 0.249000 0.500000 0.396000 0.026000
0 0.249000 0.538000 0.396000 0.026000
0 0.249000 0.576000 0.396000 0.026000
0 0.248000 0.664000 0.394000 0.026000
0 0.248000 0.702000 0.394000 0.026000
0 0.248000 0.740000 0.394000 0.026000
0 0.249000 0.778000 0.396000 0.026000
0 0.248000 0.816000 0.394000 0.026000
0 0.248000 0.854000 0.394000 0.026000
0 0.749500 0.265000 0.397000 0.026000
0 0.749500 0.303000 0.397000 0.026000
0 0.749500 0.341000 0.397000 0.026000
0 0.749500 0.379000 0.397000 0.026000
0 0.749500 0.471000 0.397000 0.026000
0 0.749500 0.509000 0.397000 0.026000
0 0.749500 0.547000 0.397000 0.026000
0 0.749500 0.585000 0.397000 0.026000
0 0.749500 0.623000 0.397000 0.026000
0 0.749500 0.661000 0.397000 0.026000
0 0.749500 0.699000 0.397000 0.026000
0 0.749500 0.737000 0.397000 0.026000
2 0.098000 0.224485 0.093906 0.011685
2 0.114754 0.427952 0.122936 0.011264
2 0.586208 0.224424 0.058838 0.011104
4 0.114434 0.258270 0.011820 0.001170
2 0.115222 0.258608 0.046492 0.001170
6 0.160532 0.258582 0.043340 0.001144
7 0.212934 0.258608 0.104016 0.001170
8 0.153834 0.259908 0.129626 0.001118
5 0.425694 0.258946 0.015760 0.001092
2 0.226032 0.290675 0.056628 0.001000
3 0.115944 0.290700 0.100188 0.001000
4 0.176928 0.290700 0.011880 0.001000
7 0.245832 0.290700 0.097812 0.001000
8 0.136140 0.292000 0.129096 0.001000
2 0.155148 0.327472 0.071280 0.001144
3 0.125448 0.327446 0.024948 0.001196
4 0.090204 0.327472 0.015840 0.001118
7 0.205044 0.327420 0.109296 0.001144
8 0.116736 0.328668 0.075240 0.001000
10 0.429972 0.328668 0.014256 0.001000
5 0.071196 0.457558 0.029304 0.001107
3 0.146436 0.453832 0.094644 0.001134
4 0.120300 0.453832 0.020196 0.001134
2 0.202668 0.453832 0.076032 0.001107
6 0.244248 0.453859 0.066528 0.001080
7 0.277908 0.453859 0.139392 0.001134
8 0.109608 0.455398 0.096624 0.001000
5 0.429576 0.469438 0.013464 0.001000
2 0.178116 0.489340 0.163944 0.001014
3 0.128616 0.489340 0.049896 0.001014
4 0.094956 0.489340 0.022968 0.001014
6 0.196728 0.489314 0.062964 0.001066
7 0.234744 0.489340 0.124740 0.001014
8 0.132972 0.490484 0.146520 0.001066
10 0.418092 0.489340 0.019404 0.001014
2 0.204252 0.532358 0.183348 0.001000
3 0.152772 0.532358 0.049896 0.001000
4 0.107232 0.532358 0.012276 0.001000
5 0.417300 0.544318 0.019800 0.001000
6 0.172572 0.532358 0.030888 0.001000
7 0.278700 0.532358 0.110088 0.001000
8 0.130992 0.533658 0.116820 0.001000
2 0.217716 0.570696 0.106920 0.001000
3 0.142080 0.570696 0.072468 0.001000
4 0.119904 0.570644 0.015444 0.001000
7 0.272364 0.570722 0.085932 0.001000
8 0.156732 0.572620 0.105732 0.001000
10 0.426408 0.572594 0.017424 0.001000
4 0.082126 0.660464 0.012608 0.001248
3 0.112464 0.660464 0.020882 0.001196
2 0.155410 0.660464 0.049250 0.001196
6 0.136498 0.660464 0.018124 0.001196
7 0.188900 0.660464 0.053584 0.001196
8 0.123890 0.662076 0.113472 0.001000
5 0.425300 0.666730 0.013396 0.001000
2 0.160532 0.696852 0.112684 0.001482
4 0.121920 0.696826 0.022852 0.001482
5 0.429240 0.708578 0.027974 0.001456
6 0.191658 0.696852 0.054766 0.001482
7 0.222390 0.696852 0.128444 0.001482
8 0.156592 0.698594 0.192272 0.001430
4 0.110888 0.737114 0.016942 0.001456
2 0.179838 0.737010 0.052402 0.001534
3 0.140832 0.737036 0.034672 0.001430
7 0.237362 0.737140 0.107168 0.001430
8 0.141226 0.739090 0.102440 0.001638
5 0.428058 0.745876 0.014578 0.001378
11 0.213722 0.737140 0.022852 0.001404
4 0.085278 0.811606 0.020094 0.001000
3 0.148712 0.811632 0.070526 0.001000
2 0.220420 0.811606 0.092984 0.001000
7 0.281490 0.811658 0.130020 0.001000
8 0.148712 0.813296 0.107168 0.001000
5 0.422148 0.820680 0.022064 0.001000
2 0.200720 0.844822 0.069344 0.001248
3 0.147136 0.844822 0.047280 0.001248
4 0.116404 0.844822 0.010244 0.001248
7 0.236180 0.844822 0.158388 0.001248
8 0.151864 0.846330 0.114260 0.001000
5 0.426876 0.845576 0.018124 0.001248
4 0.620475 0.339206 0.012704 0.001000
2 0.701066 0.339232 0.090119 0.001000
3 0.652632 0.339232 0.046846 0.001000
6 0.743545 0.339232 0.044861 0.001000
7 0.780466 0.339232 0.063520 0.001000
8 0.620475 0.340584 0.084164 0.001000
5 0.923386 0.340350 0.020644 0.001014
2 0.713770 0.370680 0.127040 0.001000
3 0.646280 0.370680 0.063520 0.001000
4 0.626430 0.370680 0.011910 0.001000
6 0.725680 0.370680 0.035730 0.001000
7 0.773320 0.370680 0.099250 0.001000
8 0.638340 0.371720 0.067490 0.001000
2 0.739575 0.467854 0.077812 0.001000
3 0.682010 0.467854 0.053595 0.001000
4 0.647074 0.467828 0.009925 0.001000
5 0.924180 0.473808 0.013498 0.001000
7 0.736002 0.468426 0.069475 0.001000
8 0.644295 0.468842 0.070666 0.001000
2 0.693523 0.535118 0.052007 0.001000
3 0.616505 0.535118 0.075033 0.001000
4 0.583554 0.535118 0.011910 0.001000
5 0.929738 0.552304 0.013498 0.001000
6 0.743148 0.535118 0.031363 0.001000
7 0.771732 0.535118 0.051610 0.001000
8 0.614520 0.536106 0.105205 0.001000
4 0.593082 0.583336 0.013498 0.001000
2 0.645486 0.583336 0.109969 0.001000
7 0.779672 0.583336 0.090913 0.001000
8 0.655808 0.585052 0.098853 0.001000
5 0.934502 0.585026 0.010322 0.001000
2 0.695111 0.612002 0.117115 0.001000
3 0.620078 0.612002 0.047243 0.001000
4 0.600625 0.612028 0.007940 0.001000
6 0.728062 0.612002 0.035730 0.001000
7 0.787612 0.611976 0.065902 0.001000
8 0.610550 0.613016 0.057565 0.001000
2 0.730841 0.660922 0.068681 0.001000
3 0.668909 0.660948 0.058756 0.001000
4 0.631194 0.660896 0.016277 0.001000
7 0.788406 0.660922 0.079003 0.001000
6 0.730841 0.661650 0.064314 0.001000
4 0.608565 0.700534 0.011910 0.001846
3 0.666527 0.700482 0.053992 0.001950
2 0.725680 0.700508 0.055580 0.001898
6 0.783642 0.700430 0.059153 0.001872
7 0.859866 0.700430 0.082179 0.001924
4 0.651838 0.742278 0.013101 0.001092
3 0.671688 0.742278 0.123864 0.001092
2 0.776893 0.742278 0.063520 0.001092
7 0.856690 0.742278 0.090913 0.001092
