0 0.090000 0.225500 0.078000 0.017000
0 0.249000 0.260500 0.396000 0.027000
0 0.249000 0.299000 0.396000 0.026000
0 0.249000 0.336000 0.396000 0.026000
0 0.249000 0.374000 0.396000 0.026000
0 0.128500 0.426500 0.155000 0.017000
0 0.249000 0.461000 0.396000 0.026000
0 0.249000 0.498500 0.396000 0.027000
0 0.249000 0.536500 0.396000 0.027000
0 0.249000 0.574500 0.396000 0.027000
0 0.249000 0.612500 0.396000 0.027000
0 0.249000 0.650500 0.396000 0.027000
0 0.696500 0.231000 0.293000 0.020000
0 0.748000 0.266000 0.396000 0.026000
0 0.748000 0.304000 0.396000 0.026000
0 0.748000 0.342000 0.396000 0.026000
0 0.748000 0.380000 0.396000 0.026000
0 0.748000 0.417500 0.396000 0.027000
0 0.748000 0.455000 0.396000 0.026000
0 0.748000 0.493000 0.396000 0.026000
0 0.623000 0.547500 0.146000 0.017000
0 0.748000 0.581000 0.396000 0.026000
0 0.748000 0.619000 0.396000 0.026000
0 0.748000 0.657000 0.396000 0.026000
0 0.748000 0.695000 0.396000 0.026000
0 0.748000 0.733000 0.396000 0.026000
0 0.748000 0.771000 0.396000 0.026000
0 0.748000 0.809000 0.396000 0.026000
0 0.748000 0.847000 0.396000 0.026000
2 0.090000 0.225500 0.063489 0.013383
4 0.082284 0.298376 0.009900 0.001248
3 0.108816 0.298376 0.036432 0.001248
2 0.162672 0.298376 0.041580 0.001248
7 0.219696 0.298376 0.057816 0.001248
8 0.146436 0.300898 0.081972 0.001378
10 0.428784 0.308568 0.015444 0.001378
3 0.134952 0.335818 0.093852 0.001000
2 0.223656 0.335818 0.051084 0.001000
6 0.195144 0.335818 0.028512 0.001000
7 0.300480 0.335818 0.151668 0.001000
8 0.147624 0.338002 0.079992 0.001000
10 0.430764 0.338002 0.013860 0.001000
4 0.097728 0.335818 0.011880 0.001000
2 0.128035 0.426500 0.154070 0.010438
3 0.152376 0.449534 0.077616 0.001000
2 0.221676 0.449534 0.060588 0.001000
4 0.128220 0.449560 0.009504 0.001000
7 0.275928 0.449534 0.102168 0.001000
8 0.127824 0.450366 0.069300 0.001000
5 0.434328 0.450314 0.019404 0.001000
4 0.107628 0.493883 0.014652 0.001000
3 0.095748 0.493910 0.018612 0.001000
2 0.189996 0.493910 0.084744 0.001000
6 0.189996 0.493910 0.084744 0.001000
7 0.285432 0.493910 0.075240 0.001000
8 0.159900 0.495152 0.097416 0.001000
5 0.427596 0.495125 0.019404 0.001000
3 0.104064 0.525430 0.030888 0.001026
2 0.157524 0.525430 0.086724 0.001026
6 0.246228 0.525430 0.080388 0.001026
7 0.339684 0.525430 0.105336 0.001026
8 0.117528 0.527725 0.074844 0.001026
5 0.425220 0.527725 0.024156 0.001026
4 0.118320 0.525430 0.014652 0.001026
4 0.077136 0.571125 0.010692 0.001000
3 0.108816 0.571287 0.050688 0.001000
2 0.184056 0.571179 0.094644 0.001000
6 0.250584 0.571179 0.028908 0.001000
7 0.318300 0.571314 0.065340 0.001000
8 0.129012 0.573717 0.064944 0.001000
5 0.427596 0.571260 0.014652 0.001026
2 0.184056 0.600512 0.137412 0.001000
3 0.123468 0.600512 0.055440 0.001000
4 0.155940 0.600539 0.012672 0.001000
5 0.434724 0.622544 0.012276 0.001134
6 0.241476 0.600539 0.056628 0.001000
7 0.302460 0.600539 0.079992 0.001000
8 0.129804 0.601403 0.085140 0.001431
4 0.089808 0.646774 0.020988 0.001647
3 0.122280 0.646693 0.069300 0.001701
2 0.186828 0.646585 0.104148 0.001944
6 0.186036 0.646774 0.107316 0.001728
7 0.237912 0.646774 0.172260 0.001755
8 0.110796 0.648151 0.056628 0.001107
5 0.429972 0.652012 0.015840 0.001566
7 0.732832 0.224500 0.102550 0.002500
2 0.675928 0.262022 0.151668 0.001248
3 0.640288 0.262022 0.034056 0.001248
4 0.618904 0.262022 0.016236 0.001248
7 0.788392 0.262022 0.083160 0.001248
8 0.649792 0.264050 0.104940 0.001000
2 0.690976 0.296642 0.150084 0.001378
3 0.640288 0.296642 0.049896 0.001378
4 0.620884 0.296642 0.016236 0.001378
5 0.924220 0.296746 0.021780 0.001248
6 0.742852 0.296642 0.043164 0.001378
7 0.797896 0.296642 0.097020 0.001378
8 0.608212 0.297890 0.089892 0.001014
2 0.682264 0.331158 0.093456 0.001000
3 0.613360 0.331158 0.052272 0.001000
4 0.593164 0.331158 0.010296 0.001000
7 0.774136 0.331158 0.102960 0.001000
8 0.629596 0.332224 0.092664 0.001000
10 0.925804 0.341818 0.013464 0.001000
4 0.623260 0.376906 0.011484 0.001170
2 0.658504 0.376932 0.062568 0.001144
6 0.686620 0.376906 0.024948 0.001118
3 0.730972 0.376906 0.066132 0.001196
7 0.806608 0.376958 0.102960 0.001170
8 0.668008 0.378882 0.080784 0.001144
5 0.931744 0.386110 0.009900 0.001066
2 0.696520 0.406430 0.109692 0.001000
3 0.643456 0.406430 0.054648 0.001000
4 0.618508 0.406430 0.019800 0.001000
5 0.923824 0.425060 0.020592 0.001188
6 0.697312 0.406430 0.109296 0.001000
7 0.772156 0.406430 0.104148 0.001000
8 0.645040 0.407834 0.090288 0.001000
4 0.613360 0.450970 0.024156 0.001066
2 0.705628 0.451022 0.119196 0.001118
6 0.680284 0.451022 0.025344 0.001118
7 0.784828 0.451022 0.112464 0.001118
8 0.651376 0.452972 0.114840 0.001118
5 0.910360 0.451074 0.023760 0.001066
2 0.657316 0.482782 0.113256 0.001118
3 0.728992 0.482782 0.054648 0.001066
4 0.630784 0.482756 0.014256 0.001014
5 0.925408 0.492506 0.019404 0.001066
7 0.783244 0.482756 0.124344 0.001066
8 0.660484 0.483796 0.171864 0.001000
4 0.579700 0.573824 0.022968 0.001144
3 0.657712 0.573824 0.089100 0.001144
2 0.744832 0.573824 0.087912 0.001144
6 0.780076 0.573824 0.091476 0.001144
7 0.850168 0.573824 0.086328 0.001144
8 0.628408 0.575956 0.097020 0.001000
5 0.926200 0.575956 0.015444 0.001000
2 0.647020 0.611070 0.084744 0.001000
3 0.605440 0.611070 0.041580 0.001000
4 0.586828 0.611070 0.012672 0.001000
5 0.929368 0.625526 0.010692 0.001000
7 0.717112 0.611070 0.109692 0.001000
8 0.618508 0.613020 0.078012 0.001000
11 0.679888 0.611070 0.035244 0.001000
2 0.673552 0.645326 0.133848 0.001000
3 0.610588 0.645326 0.065340 0.001000
4 0.584848 0.645326 0.008316 0.001000
5 0.933328 0.662824 0.012276 0.001000
7 0.771364 0.645326 0.104940 0.001000
8 0.636724 0.646054 0.099000 0.001000
2 0.666028 0.725434 0.077616 0.001000
4 0.618508 0.725408 0.009504 0.001000
7 0.702064 0.725460 0.138204 0.001000
8 0.637516 0.726500 0.089892 0.001196
10 0.932536 0.734456 0.011880 0.001000
4 0.601876 0.766918 0.017028 0.001170
3 0.614944 0.766918 0.022572 0.001170
2 0.679096 0.766944 0.120384 0.001222
7 0.759484 0.766944 0.102960 0.001170
8 0.647416 0.767906 0.149292 0.001144
5 0.907192 0.766996 0.016236 0.001092
4 0.575344 0.805828 0.019008 0.001000
3 0.650980 0.805828 0.124740 0.001014
2 0.724240 0.805828 0.048708 0.001014
7 0.777700 0.805802 0.110088 0.001000
8 0.619696 0.807830 0.070488 0.001000
5 0.922240 0.811730 0.015444 0.001000
2 0.649792 0.841982 0.071280 0.001352
4 0.612568 0.841982 0.012672 0.001378
7 0.696916 0.842008 0.095040 0.001326
8 0.650980 0.844660 0.109692 0.001000
5 0.925012 0.842034 0.014256 0.001326
