0 0.271500 0.175500 0.199000 0.055000
0 0.725500 0.162000 0.449000 0.028000
0 0.271500 0.388000 0.223000 0.028000
0 0.726500 0.698000 0.123000 0.028000
0 0.271500 0.237000 0.433000 0.022000
0 0.271500 0.264000 0.329000 0.022000
0 0.272000 0.290000 0.320000 0.022000
0 0.271500 0.316500 0.309000 0.021000
0 0.725500 0.239000 0.149000 0.022000
0 0.724500 0.267000 0.145000 0.022000
0 0.726000 0.293000 0.164000 0.022000
0 0.726000 0.319000 0.242000 0.022000
0 0.726000 0.345000 0.318000 0.022000
0 0.286000 0.437000 0.184000 0.022000
0 0.272000 0.464000 0.324000 0.022000
0 0.272000 0.490000 0.192000 0.022000
0 0.271500 0.516000 0.329000 0.022000
0 0.272000 0.542000 0.192000 0.022000
0 0.272000 0.568000 0.254000 0.022000
0 0.270000 0.594000 0.134000 0.022000
0 0.271500 0.620000 0.155000 0.022000
0 0.271500 0.646000 0.295000 0.022000
0 0.271500 0.672000 0.245000 0.022000
0 0.272000 0.698000 0.300000 0.022000
0 0.725500 0.464000 0.241000 0.022000
0 0.726000 0.490000 0.236000 0.022000
0 0.726000 0.516000 0.164000 0.022000
0 0.726000 0.542000 0.180000 0.022000
0 0.726000 0.568000 0.178000 0.022000
0 0.726000 0.594000 0.236000 0.022000
0 0.725500 0.620000 0.157000 0.022000
0 0.726000 0.747000 0.408000 0.022000
0 0.726000 0.773000 0.326000 0.022000
0 0.726000 0.799000 0.432000 0.022000
0 0.726000 0.825000 0.448000 0.022000
2 0.272495 0.174070 0.186264 0.042405
2 0.274531 0.237330 0.310894 0.007678
3 0.106960 0.237330 0.050228 0.007678
4 0.434308 0.237330 0.045898 0.007678
6 0.241623 0.237330 0.140292 0.007678
2 0.271171 0.263912 0.256949 0.014102
4 0.399810 0.263890 0.035203 0.011220
2 0.269440 0.286414 0.262080 0.007194
4 0.408320 0.286524 0.023040 0.002706
3 0.212172 0.316500 0.074469 0.011613
2 0.300237 0.316500 0.098262 0.011613
4 0.405297 0.316500 0.020703 0.011613
2 0.721775 0.238758 0.061239 0.016104
5 0.782418 0.238758 0.028012 0.016104
2 0.723775 0.265724 0.137750 0.019448
2 0.723376 0.292252 0.129724 0.014234
4 0.787664 0.292252 0.035260 0.014234
2 0.721644 0.319000 0.173756 0.015928
5 0.821590 0.319000 0.041382 0.015268
2 0.714870 0.345000 0.173628 0.003124
2 0.235400 0.436846 0.068264 0.019030
5 0.336232 0.436846 0.038272 0.019030
2 0.265844 0.463450 0.224856 0.009262
2 0.271424 0.489956 0.122880 0.020548
2 0.277422 0.516110 0.214508 0.007414
2 0.271232 0.542198 0.088704 0.016170
2 0.262602 0.567120 0.108458 0.007964
2 0.267454 0.594176 0.069546 0.015752
2 0.271500 0.620000 0.124620 0.015114
2 0.267960 0.646088 0.279955 0.015070
2 0.271010 0.671934 0.209475 0.016676
2 0.276800 0.697582 0.214800 0.004268
4 0.391400 0.697582 0.030600 0.004268
2 0.728633 0.464198 0.187498 0.009680
4 0.825033 0.464198 0.036391 0.009680
2 0.729540 0.490000 0.102660 0.007744
4 0.824412 0.490000 0.028320 0.007744
2 0.717964 0.515934 0.074128 0.008976
2 0.687300 0.532078 0.099000 0.001628
4 0.781980 0.532166 0.012780 0.001496
2 0.724740 0.550536 0.091260 0.002090
4 0.802860 0.550514 0.013140 0.002068
2 0.734900 0.567450 0.078676 0.002552
2 0.694848 0.594000 0.091096 0.006380
4 0.767064 0.594000 0.050032 0.006380
2 0.726816 0.747088 0.328032 0.009108
2 0.735780 0.772978 0.257540 0.008888
3 0.650042 0.772978 0.093562 0.008888
4 0.853792 0.772978 0.037816 0.008888
2 0.727296 0.799154 0.360288 0.008734
3 0.601152 0.799154 0.115776 0.003762
4 0.754944 0.799154 0.035424 0.003762
5 0.907440 0.799154 0.053568 0.003762
2 0.721520 0.824076 0.231168 0.004026
3 0.595184 0.824076 0.120064 0.004026
4 0.794544 0.824076 0.065408 0.004026
