0 0.186500 0.199000 0.195000 0.016000
0 0.136500 0.230000 0.041000 0.012000
0 0.170500 0.342000 0.109000 0.012000
0 0.166000 0.503000 0.100000 0.012000
0 0.179500 0.745000 0.123000 0.012000
0 0.600000 0.199000 0.046000 0.016000
0 0.610500 0.544500 0.067000 0.013000
2 0.186500 0.199000 0.175500 0.006400
7 0.135926 0.230048 0.038704 0.009960
7 0.170827 0.342216 0.102351 0.006816
7 0.166000 0.503000 0.100000 0.012000
7 0.179500 0.745000 0.123000 0.012000
2 0.600000 0.199000 0.039100 0.012000
2 0.610500 0.544500 0.066833 0.012187
