0 0.663500 0.199000 0.175000 0.012000
0 0.261000 0.418500 0.186000 0.011000
0 0.260500 0.476500 0.123000 0.011000
0 0.261000 0.529500 0.172000 0.011000
0 0.260500 0.580500 0.197000 0.011000
0 0.261000 0.669500 0.194000 0.011000
0 0.260500 0.684500 0.191000 0.011000
0 0.260500 0.765500 0.199000 0.011000
0 0.626500 0.230000 0.073000 0.012000
0 0.743500 0.259000 0.335000 0.012000
0 0.743500 0.284000 0.335000 0.012000
0 0.743500 0.310000 0.335000 0.012000
0 0.743500 0.335000 0.335000 0.012000
0 0.743500 0.361000 0.335000 0.012000
0 0.743500 0.387000 0.335000 0.012000
0 0.743500 0.412000 0.335000 0.012000
0 0.743500 0.438000 0.335000 0.012000
0 0.743500 0.463000 0.335000 0.012000
0 0.743500 0.489000 0.335000 0.012000
0 0.743500 0.515000 0.335000 0.012000
0 0.743500 0.540000 0.335000 0.012000
0 0.743500 0.566000 0.335000 0.012000
0 0.743500 0.591000 0.335000 0.012000
0 0.743500 0.617000 0.335000 0.012000
0 0.619500 0.676000 0.065000 0.010000
0 0.744000 0.701000 0.338000 0.012000
0 0.744000 0.726000 0.338000 0.012000
0 0.744000 0.752000 0.338000 0.012000
0 0.744000 0.777000 0.338000 0.012000
0 0.744000 0.803000 0.338000 0.012000
2 0.663500 0.198700 0.156406 0.009630
4 0.192738 0.418500 0.026598 0.007337
2 0.255792 0.418500 0.078492 0.007337
5 0.330750 0.418500 0.034038 0.007337
4 0.220279 0.476500 0.019065 0.008250
2 0.252013 0.476500 0.033333 0.008250
5 0.291004 0.476500 0.029643 0.008250
4 0.195296 0.529500 0.018920 0.008591
2 0.248444 0.529500 0.075336 0.008591
5 0.321372 0.529500 0.025628 0.008591
4 0.179139 0.580478 0.018912 0.008349
2 0.234890 0.580478 0.083134 0.008349
5 0.334178 0.580478 0.028762 0.008349
4 0.184758 0.669225 0.030070 0.004312
2 0.260806 0.669225 0.114072 0.004444
5 0.337436 0.669313 0.031040 0.004312
4 0.183145 0.684500 0.021010 0.008800
2 0.246939 0.684500 0.078692 0.008800
5 0.332125 0.684500 0.041447 0.008800
4 0.177716 0.765423 0.024875 0.004796
2 0.251744 0.765423 0.093928 0.004796
5 0.341095 0.765423 0.031641 0.004796
2 0.626500 0.230000 0.072270 0.010200
4 0.603470 0.257536 0.020100 0.002916
2 0.664440 0.257536 0.118255 0.002916
7 0.781355 0.257536 0.139360 0.002916
5 0.892575 0.257668 0.015410 0.002592
4 0.597775 0.283688 0.023785 0.003540
2 0.652045 0.283748 0.094470 0.003540
3 0.764270 0.283808 0.095475 0.003540
6 0.818205 0.283808 0.080400 0.003540
5 0.890900 0.283748 0.020100 0.003540
4 0.626585 0.310000 0.027135 0.003840
2 0.674155 0.310000 0.093800 0.003840
3 0.789395 0.310000 0.096145 0.003840
6 0.837635 0.310000 0.053935 0.003840
5 0.886210 0.310000 0.031155 0.003840
4 0.604810 0.334832 0.027135 0.004776
2 0.666785 0.334832 0.132660 0.004776
3 0.774990 0.334832 0.087435 0.004776
6 0.839310 0.334832 0.055275 0.004776
5 0.890900 0.334832 0.031490 0.004776
4 0.605815 0.361192 0.042210 0.005088
2 0.668460 0.361192 0.103515 0.005088
3 0.722060 0.361192 0.042210 0.005088
6 0.806815 0.361192 0.086430 0.005088
5 0.892575 0.361192 0.023115 0.005088
4 0.597440 0.386892 0.027470 0.003084
7 0.645345 0.386892 0.059295 0.003084
2 0.745510 0.386892 0.168505 0.003084
5 0.895255 0.386892 0.019095 0.003084
4 0.601460 0.410512 0.030485 0.003312
7 0.650705 0.410632 0.034840 0.003072
2 0.722060 0.410596 0.107870 0.003156
6 0.788055 0.410584 0.063315 0.003156
5 0.896595 0.410632 0.017420 0.003084
4 0.603805 0.436488 0.024790 0.002892
2 0.658745 0.436536 0.111555 0.002892
3 0.755560 0.436500 0.052595 0.002844
6 0.803800 0.436488 0.078725 0.002892
5 0.891905 0.436476 0.015745 0.002892
4 0.604140 0.463000 0.041540 0.004284
2 0.651375 0.463000 0.058625 0.004284
3 0.703300 0.463000 0.092125 0.004284
6 0.738475 0.463000 0.139360 0.004284
5 0.900615 0.463000 0.020770 0.004284
4 0.597440 0.489420 0.025460 0.002172
2 0.723065 0.489456 0.124285 0.002172
3 0.799780 0.489468 0.107200 0.002112
5 0.896260 0.489444 0.025460 0.002220
4 0.629935 0.514880 0.039530 0.005232
2 0.730100 0.514880 0.125960 0.005232
3 0.772980 0.514880 0.046230 0.005232
6 0.824905 0.514880 0.038860 0.005232
5 0.892910 0.514880 0.025460 0.005232
4 0.605815 0.540000 0.041205 0.006000
7 0.652380 0.540000 0.051925 0.006000
2 0.737805 0.540000 0.076045 0.006000
3 0.792745 0.540000 0.082410 0.006000
5 0.893580 0.540000 0.028475 0.006000
4 0.615530 0.566228 0.033165 0.004656
7 0.660085 0.566228 0.042210 0.004656
2 0.759580 0.566228 0.131990 0.004656
5 0.896260 0.566228 0.015075 0.004656
6 0.813180 0.566228 0.046565 0.004656
4 0.608160 0.591060 0.046230 0.002388
2 0.693920 0.591060 0.115910 0.002400
6 0.798440 0.591060 0.043550 0.002400
7 0.635965 0.591060 0.041540 0.002388
5 0.896260 0.591060 0.021440 0.002400
4 0.600455 0.613160 0.029815 0.001000
7 0.647355 0.613160 0.026800 0.001000
3 0.706985 0.613160 0.098490 0.001000
2 0.805475 0.613160 0.071690 0.001000
5 0.891570 0.613160 0.016080 0.001000
7 0.619500 0.676000 0.065000 0.010000
4 0.600012 0.700892 0.023660 0.006204
2 0.678428 0.701132 0.074360 0.006288
3 0.752450 0.701144 0.090922 0.006240
6 0.812276 0.701192 0.043602 0.006204
10 0.898128 0.700952 0.026026 0.006492
4 0.604406 0.725976 0.030420 0.001000
2 0.667950 0.725976 0.082810 0.001000
7 0.737240 0.725976 0.125060 0.001000
6 0.803826 0.725976 0.024336 0.001000
5 0.897790 0.725976 0.015210 0.001000
4 0.597308 0.751796 0.026026 0.005304
2 0.663218 0.751748 0.100724 0.005304
3 0.724058 0.752108 0.063544 0.004572
6 0.782532 0.752108 0.091598 0.004572
10 0.893734 0.751796 0.019266 0.005304
4 0.601026 0.776916 0.023998 0.001000
2 0.652740 0.776916 0.112216 0.001000
6 0.762590 0.776916 0.112216 0.001000
5 0.886298 0.776916 0.018252 0.001000
4 0.594604 0.803000 0.027716 0.004800
7 0.636854 0.803000 0.059826 0.004800
2 0.730480 0.803000 0.087880 0.004800
6 0.777124 0.803000 0.061854 0.004800
5 0.885622 0.803000 0.042926 0.004800
