0 0.164000 0.212500 0.094000 0.013000
0 0.159500 0.474500 0.095000 0.013000
0 0.744500 0.173500 0.255000 0.013000
0 0.258000 0.238500 0.334000 0.011000
0 0.258000 0.264500 0.334000 0.011000
0 0.258000 0.290500 0.334000 0.011000
0 0.258000 0.315500 0.334000 0.011000
0 0.258000 0.341500 0.334000 0.011000
0 0.258000 0.367500 0.334000 0.011000
0 0.258000 0.392500 0.334000 0.011000
0 0.258000 0.418500 0.334000 0.011000
0 0.258000 0.443500 0.334000 0.011000
0 0.258500 0.500500 0.333000 0.011000
0 0.258500 0.526500 0.333000 0.011000
0 0.258500 0.551500 0.333000 0.011000
0 0.258500 0.577500 0.333000 0.011000
0 0.258500 0.602500 0.333000 0.011000
0 0.258500 0.628500 0.333000 0.011000
0 0.258500 0.653500 0.333000 0.011000
0 0.258500 0.679500 0.333000 0.011000
0 0.258500 0.704500 0.333000 0.011000
0 0.258500 0.730500 0.333000 0.011000
0 0.258500 0.756500 0.333000 0.011000
0 0.258500 0.781500 0.333000 0.011000
0 0.258500 0.807500 0.333000 0.011000
0 0.258500 0.832500 0.333000 0.011000
0 0.820000 0.224500 0.130000 0.011000
0 0.820000 0.249500 0.164000 0.011000
0 0.820000 0.275500 0.082000 0.011000
0 0.820000 0.300500 0.154000 0.011000
0 0.820000 0.326500 0.138000 0.011000
0 0.678500 0.374500 0.105000 0.011000
0 0.679000 0.400500 0.172000 0.011000
0 0.679000 0.426500 0.172000 0.011000
0 0.678500 0.451500 0.181000 0.011000
0 0.678500 0.477500 0.181000 0.011000
0 0.678500 0.503500 0.175000 0.011000
0 0.678500 0.529000 0.159000 0.010000
0 0.656000 0.723500 0.102000 0.011000
0 0.656000 0.749500 0.102000 0.011000
0 0.656000 0.774500 0.114000 0.011000
0 0.837500 0.723500 0.135000 0.011000
0 0.837500 0.749500 0.135000 0.011000
0 0.837500 0.774500 0.135000 0.011000
7 0.163812 0.212500 0.093530 0.012974
7 0.159500 0.474500 0.094905 0.012987
2 0.744500 0.173500 0.215156 0.002844
4 0.115048 0.238500 0.030394 0.004125
7 0.168488 0.238500 0.087508 0.004125
2 0.253658 0.238500 0.114896 0.004125
5 0.409970 0.238500 0.022044 0.004125
4 0.116050 0.264500 0.038744 0.009163
7 0.176504 0.264500 0.106212 0.009163
2 0.243972 0.264500 0.104208 0.009163
3 0.317452 0.264500 0.092852 0.009163
5 0.407632 0.264500 0.034736 0.009163
4 0.129076 0.289147 0.036072 0.002046
2 0.166484 0.289070 0.069472 0.002024
3 0.245642 0.289147 0.119572 0.002046
5 0.409302 0.289180 0.025384 0.002024
4 0.128074 0.313036 0.027054 0.004873
2 0.189530 0.313036 0.157648 0.004873
3 0.244306 0.313091 0.052104 0.004741
5 0.407966 0.313036 0.028390 0.004873
4 0.129076 0.341291 0.029726 0.001000
2 0.194206 0.341280 0.118904 0.001000
3 0.243972 0.341280 0.038076 0.001000
5 0.409302 0.341269 0.019038 0.001000
4 0.114046 0.367500 0.028390 0.003883
2 0.182182 0.367500 0.139612 0.003883
3 0.310772 0.367500 0.084168 0.003883
5 0.410638 0.367500 0.013694 0.003883
4 0.114380 0.392500 0.030060 0.004070
2 0.204560 0.392500 0.113560 0.004070
3 0.254660 0.392500 0.076820 0.004070
5 0.401620 0.392500 0.023380 0.004070
4 0.110372 0.416014 0.022712 0.004939
2 0.183184 0.416982 0.125250 0.005214
3 0.269690 0.416982 0.098530 0.005291
5 0.405294 0.416982 0.023714 0.005225
4 0.116384 0.443599 0.020708 0.004257
2 0.176838 0.443599 0.189378 0.004257
5 0.407632 0.443599 0.024048 0.004257
4 0.119639 0.500731 0.029304 0.005038
2 0.193898 0.500731 0.124542 0.005038
3 0.281810 0.500731 0.100899 0.005038
10 0.410681 0.500643 0.022311 0.005214
4 0.127631 0.526500 0.029304 0.001573
7 0.178580 0.526500 0.120546 0.001573
2 0.293465 0.526500 0.102564 0.001573
5 0.403022 0.526500 0.024642 0.001573
4 0.120305 0.551390 0.023643 0.001000
2 0.188570 0.551500 0.088245 0.001000
3 0.236189 0.551511 0.105228 0.001000
5 0.407018 0.551544 0.015984 0.001000
4 0.117308 0.577500 0.024975 0.003663
2 0.168590 0.577500 0.118548 0.003663
3 0.246179 0.577500 0.091575 0.003663
5 0.409349 0.577500 0.016650 0.003663
4 0.120638 0.602500 0.025308 0.003762
2 0.177914 0.602500 0.113220 0.003762
3 0.241517 0.602500 0.091908 0.003762
5 0.402023 0.602500 0.044955 0.003762
4 0.119639 0.628500 0.024642 0.005621
2 0.217541 0.628500 0.093240 0.005621
3 0.260498 0.628500 0.051615 0.005621
5 0.406352 0.628500 0.018648 0.005621
4 0.117308 0.650805 0.040959 0.001000
2 0.168923 0.650805 0.090243 0.001000
3 0.208550 0.650959 0.028971 0.001000
5 0.395696 0.650805 0.029304 0.001000
4 0.126299 0.678884 0.028305 0.001221
2 0.200891 0.678994 0.085581 0.001078
3 0.244514 0.678961 0.046287 0.001023
5 0.397028 0.678851 0.028305 0.001221
4 0.116975 0.704500 0.026307 0.004477
2 0.179912 0.704500 0.131535 0.004477
7 0.221204 0.704500 0.038628 0.004477
5 0.398027 0.704500 0.048285 0.004477
4 0.118307 0.730401 0.024975 0.001000
2 0.185906 0.730324 0.077589 0.001000
3 0.272153 0.730313 0.104562 0.001000
5 0.407018 0.730335 0.018981 0.001000
4 0.116642 0.756566 0.036963 0.004554
2 0.171920 0.756665 0.113886 0.004752
3 0.244181 0.756621 0.134532 0.004752
5 0.405020 0.756599 0.027972 0.004840
4 0.125633 0.781489 0.042957 0.004774
2 0.190568 0.781390 0.088911 0.004829
3 0.237188 0.781423 0.095571 0.004774
5 0.409682 0.781181 0.029304 0.005247
4 0.121304 0.807500 0.035298 0.003663
2 0.197561 0.807478 0.062604 0.003674
3 0.249509 0.807500 0.060273 0.003663
5 0.401357 0.807500 0.046953 0.003663
4 0.118307 0.832434 0.041292 0.005346
2 0.188237 0.832434 0.089910 0.005346
3 0.240851 0.832434 0.055944 0.005346
5 0.403022 0.832500 0.044289 0.005236
4 0.767740 0.224500 0.021060 0.008558
2 0.817270 0.224500 0.060190 0.008558
5 0.869140 0.224500 0.021320 0.008558
4 0.757516 0.249445 0.020992 0.006215
2 0.813440 0.249445 0.097744 0.006215
5 0.888224 0.249445 0.021812 0.006215
4 0.789578 0.275423 0.009184 0.008074
2 0.809422 0.275731 0.021648 0.005445
5 0.849766 0.275456 0.011316 0.005423
4 0.758092 0.300500 0.018018 0.008250
2 0.814764 0.300500 0.066066 0.008250
12 0.846950 0.300500 0.019558 0.008250
5 0.884680 0.300500 0.023870 0.008250
4 0.768112 0.326467 0.020700 0.006303
2 0.818620 0.326346 0.086250 0.006391
5 0.877132 0.326467 0.021942 0.006303
4 0.639230 0.374643 0.009135 0.004268
2 0.670310 0.374566 0.056910 0.004444
5 0.718085 0.374423 0.012810 0.004686
4 0.618456 0.400500 0.017028 0.008250
2 0.669368 0.400500 0.073272 0.008250
5 0.746080 0.400500 0.018576 0.008250
12 0.715464 0.400500 0.021328 0.008250
4 0.605900 0.426500 0.024596 0.008063
2 0.669884 0.426500 0.095632 0.008063
12 0.708068 0.426500 0.027520 0.008063
5 0.746768 0.426500 0.029756 0.008063
4 0.607367 0.451236 0.019005 0.007161
2 0.647730 0.451060 0.046336 0.007854
12 0.680853 0.451313 0.014661 0.006281
12 0.692075 0.451236 0.023530 0.007161
5 0.751805 0.451159 0.022806 0.007854
4 0.599041 0.477302 0.018462 0.006952
2 0.676147 0.477302 0.117650 0.006952
5 0.753253 0.477401 0.013937 0.006754
4 0.613925 0.503500 0.015575 0.005137
2 0.655750 0.503500 0.079800 0.005137
5 0.750600 0.503500 0.015400 0.005137
4 0.612833 0.529000 0.020829 0.007500
2 0.668483 0.529000 0.077433 0.007500
5 0.744008 0.529000 0.019875 0.007500
4 0.615914 0.723566 0.012240 0.008360
2 0.651716 0.723566 0.042228 0.008360
5 0.689048 0.723566 0.017952 0.008360
4 0.619586 0.749500 0.013158 0.007337
2 0.650288 0.749500 0.037740 0.007337
5 0.688334 0.749500 0.017952 0.007337
4 0.607892 0.774500 0.012198 0.008250
2 0.644372 0.774500 0.054720 0.008250
5 0.699890 0.774500 0.012768 0.008250
4 0.783770 0.723434 0.022410 0.003641
2 0.832100 0.723434 0.080460 0.003641
5 0.888935 0.723434 0.032130 0.003641
4 0.789845 0.749500 0.022680 0.006116
2 0.836555 0.749500 0.066420 0.006116
5 0.889880 0.749500 0.030510 0.006116
4 0.784580 0.774709 0.009315 0.004587
2 0.822650 0.774709 0.056160 0.004587
5 0.886235 0.774709 0.018765 0.004587
