0 0.488000 0.108500 0.234000 0.013000
0 0.322500 0.123000 0.521000 0.012000
0 0.274000 0.138000 0.424000 0.012000
0 0.277000 0.152000 0.430000 0.012000
0 0.482000 0.209500 0.230000 0.013000
0 0.484000 0.224500 0.134000 0.013000
0 0.347500 0.239000 0.571000 0.012000
0 0.365500 0.253000 0.607000 0.012000
0 0.327000 0.267000 0.530000 0.012000
0 0.294000 0.282000 0.464000 0.012000
0 0.370500 0.296000 0.617000 0.012000
0 0.281000 0.310000 0.438000 0.012000
0 0.245000 0.325000 0.366000 0.012000
0 0.306500 0.339000 0.489000 0.012000
0 0.309000 0.354000 0.494000 0.012000
0 0.309000 0.368000 0.494000 0.012000
0 0.358000 0.382000 0.592000 0.012000
0 0.350500 0.397000 0.577000 0.012000
0 0.377000 0.411000 0.630000 0.012000
0 0.388500 0.426000 0.653000 0.012000
0 0.347500 0.440000 0.571000 0.012000
0 0.382500 0.454000 0.641000 0.012000
0 0.352000 0.469000 0.580000 0.012000
0 0.261500 0.483000 0.399000 0.012000
0 0.357500 0.497000 0.591000 0.012000
0 0.279500 0.512000 0.435000 0.012000
0 0.326500 0.526000 0.529000 0.012000
0 0.289500 0.540000 0.455000 0.012000
0 0.289500 0.555000 0.455000 0.012000
0 0.285000 0.569000 0.446000 0.012000
0 0.328000 0.583000 0.532000 0.012000
0 0.352000 0.597000 0.580000 0.012000
0 0.259500 0.612000 0.395000 0.012000
0 0.259500 0.626000 0.395000 0.012000
0 0.333000 0.640000 0.542000 0.012000
0 0.259500 0.654000 0.395000 0.012000
0 0.279500 0.669000 0.435000 0.012000
0 0.341000 0.683000 0.558000 0.012000
0 0.499500 0.742500 0.141000 0.013000
0 0.326000 0.757000 0.528000 0.012000
0 0.337500 0.771000 0.551000 0.012000
0 0.315000 0.785000 0.506000 0.012000
0 0.335000 0.799000 0.546000 0.012000
0 0.298000 0.813000 0.472000 0.012000
0 0.347000 0.827000 0.570000 0.012000
0 0.308000 0.842000 0.492000 0.012000
0 0.300500 0.856000 0.477000 0.012000
0 0.277000 0.870000 0.430000 0.012000
0 0.276500 0.884000 0.429000 0.012000
0 0.338000 0.898000 0.552000 0.012000
0 0.369000 0.912000 0.614000 0.012000
0 0.316500 0.926000 0.509000 0.012000
4 0.143797 0.123000 0.030218 0.004800
2 0.305828 0.123000 0.088570 0.004800
3 0.402213 0.123000 0.087528 0.004800
7 0.518396 0.123000 0.062520 0.004800
11 0.221426 0.123000 0.031260 0.004800
4 0.146376 0.138000 0.040704 0.005556
2 0.230328 0.138000 0.073776 0.005556
11 0.271032 0.138000 0.035192 0.005556
3 0.322336 0.138000 0.058088 0.005556
7 0.390600 0.138000 0.065296 0.005556
4 0.145420 0.151928 0.031390 0.001000
2 0.270980 0.151916 0.090300 0.001000
3 0.370310 0.151916 0.050310 0.001000
7 0.444270 0.151928 0.049450 0.001000
6 0.211210 0.151916 0.052890 0.001000
7 0.484000 0.224500 0.114644 0.008667
4 0.178484 0.239060 0.034831 0.004572
2 0.248717 0.239060 0.121052 0.004572
3 0.376050 0.239060 0.117626 0.004572
7 0.502241 0.239060 0.144463 0.004572
6 0.223022 0.239060 0.060526 0.004572
4 0.198575 0.253000 0.037634 0.004284
2 0.301158 0.253000 0.100155 0.004284
11 0.350932 0.253000 0.034599 0.004284
3 0.439554 0.253000 0.146894 0.004284
7 0.567024 0.253000 0.200310 0.004284
4 0.191320 0.267048 0.036570 0.005604
2 0.265520 0.267048 0.092220 0.005604
2 0.322230 0.267048 0.073670 0.005604
3 0.424520 0.267048 0.090100 0.005604
7 0.516740 0.267048 0.076320 0.005604
11 0.294670 0.267048 0.022790 0.005604
2 0.282400 0.282072 0.100224 0.001000
3 0.371024 0.282060 0.089552 0.001000
4 0.176144 0.282060 0.036192 0.001000
7 0.459184 0.282060 0.117856 0.001000
11 0.243888 0.282072 0.029696 0.001000
4 0.155167 0.295988 0.043807 0.001000
2 0.302630 0.295988 0.242481 0.001000
11 0.420477 0.295988 0.039488 0.001000
7 0.543260 0.295988 0.206695 0.001000
4 0.142592 0.310000 0.026718 0.005328
2 0.225812 0.310000 0.143664 0.005328
11 0.302024 0.310000 0.024966 0.005328
3 0.332246 0.310000 0.045990 0.005328
7 0.372980 0.310000 0.061320 0.005328
4 0.138494 0.325000 0.031476 0.005688
2 0.220112 0.325000 0.090402 0.005688
3 0.296606 0.325000 0.045750 0.005688
7 0.353702 0.325000 0.057828 0.005688
11 0.261470 0.325000 0.030378 0.005688
4 0.175448 0.338808 0.025428 0.004956
2 0.335351 0.338952 0.259170 0.004764
7 0.461024 0.338952 0.136431 0.004764
11 0.410657 0.338952 0.035208 0.004764
4 0.120786 0.353376 0.047424 0.004848
2 0.226502 0.353388 0.122018 0.004824
3 0.354942 0.353364 0.107692 0.004896
7 0.447320 0.353376 0.108186 0.004824
11 0.305542 0.353376 0.023712 0.004848
4 0.146968 0.368432 0.036062 0.004296
2 0.267998 0.368432 0.222794 0.004296
3 0.417680 0.368432 0.079040 0.004296
7 0.500178 0.368432 0.055822 0.004296
11 0.351484 0.368432 0.036062 0.004296
2 0.312416 0.380752 0.368224 0.002184
4 0.220656 0.380752 0.072224 0.002184
3 0.508960 0.380752 0.087024 0.002184
7 0.579408 0.380752 0.085840 0.002184
11 0.388784 0.380752 0.082288 0.002184
4 0.204519 0.397000 0.032312 0.001000
2 0.338960 0.397000 0.303502 0.001000
3 0.499366 0.397000 0.065778 0.001000
7 0.555335 0.397000 0.083665 0.001000
11 0.433011 0.397000 0.043275 0.001000
2 0.378260 0.411612 0.294210 0.001000
3 0.492920 0.411612 0.082530 0.001000
4 0.180440 0.411612 0.030870 0.001000
7 0.577970 0.411612 0.110880 0.001000
11 0.405350 0.411612 0.024570 0.001000
4 0.157991 0.426060 0.051587 0.001000
2 0.338219 0.425976 0.305604 0.001000
3 0.562851 0.425988 0.073789 0.001000
7 0.620315 0.425976 0.093379 0.001000
11 0.442046 0.425988 0.045710 0.001000
4 0.155644 0.440696 0.030834 0.001536
2 0.296681 0.440696 0.187859 0.001536
3 0.487395 0.440696 0.060526 0.001536
7 0.574187 0.440696 0.042825 0.001536
11 0.426869 0.440696 0.042254 0.001536
2 0.388269 0.453772 0.317936 0.001000
4 0.186354 0.453772 0.032691 0.001000
7 0.553006 0.453772 0.148071 0.001000
11 0.433780 0.453772 0.103842 0.001000
4 0.192500 0.468712 0.051620 0.001000
2 0.313140 0.468688 0.293480 0.001000
3 0.473220 0.468700 0.075400 0.001000
7 0.553840 0.468712 0.045820 0.001000
11 0.401300 0.468700 0.026680 0.001000
4 0.145391 0.483216 0.038703 0.006096
2 0.240353 0.483216 0.106533 0.006096
3 0.333320 0.483216 0.053466 0.006096
7 0.410327 0.483216 0.068229 0.006096
11 0.282647 0.483216 0.036708 0.006096
4 0.166607 0.496976 0.043143 0.004848
2 0.236936 0.496976 0.125883 0.004848
11 0.301355 0.497144 0.063828 0.004512
3 0.388823 0.497084 0.151296 0.004752
7 0.537164 0.497108 0.111699 0.004704
4 0.149435 0.512000 0.033930 0.004800
2 0.217730 0.512000 0.110490 0.004800
11 0.269495 0.512000 0.045675 0.004800
3 0.320825 0.512000 0.063075 0.004800
7 0.391730 0.512000 0.099180 0.004800
4 0.158807 0.526000 0.050255 0.005832
2 0.236570 0.526000 0.162403 0.005832
11 0.318036 0.526000 0.068241 0.005832
3 0.372523 0.526000 0.075647 0.005832
7 0.443938 0.526000 0.131721 0.005832
4 0.147540 0.540144 0.038220 0.004596
2 0.233535 0.540144 0.137410 0.004596
3 0.350015 0.540144 0.079625 0.004596
7 0.440560 0.540144 0.074165 0.004596
11 0.278125 0.540144 0.042315 0.004596
2 0.243545 0.555000 0.102830 0.001000
4 0.149815 0.555000 0.020020 0.001000
3 0.329540 0.555000 0.087360 0.001000
7 0.414170 0.555000 0.074620 0.001000
11 0.212605 0.555000 0.027755 0.001000
4 0.138712 0.568976 0.028990 0.004848
2 0.202936 0.568976 0.103472 0.004848
3 0.324694 0.568976 0.091876 0.004848
7 0.424152 0.568976 0.079388 0.004848
11 0.261362 0.568976 0.051290 0.004848
4 0.204044 0.583036 0.059052 0.001000
2 0.387052 0.583036 0.152684 0.001000
3 0.473236 0.583036 0.028728 0.001000
7 0.530692 0.583036 0.061712 0.001000
11 0.288632 0.583036 0.068628 0.001000
4 0.220920 0.596700 0.051040 0.001000
2 0.344460 0.596700 0.197200 0.001000
3 0.486560 0.596700 0.044080 0.001000
7 0.573560 0.596700 0.066120 0.001000
11 0.283560 0.596700 0.090480 0.001000
2 0.215260 0.612264 0.064780 0.001000
3 0.314800 0.612264 0.075445 0.001000
4 0.161540 0.612264 0.025280 0.001000
7 0.393010 0.612264 0.052930 0.001000
11 0.252390 0.612264 0.042265 0.001000
2 0.198275 0.626060 0.095195 0.001680
3 0.278065 0.626060 0.055300 0.001680
4 0.149295 0.626060 0.022515 0.001680
7 0.355485 0.626060 0.078210 0.001680
11 0.234615 0.626060 0.040290 0.001680
4 0.180698 0.640000 0.036314 0.004800
2 0.319992 0.640000 0.106774 0.004800
3 0.429476 0.640000 0.074254 0.004800
7 0.525952 0.640000 0.071002 0.004800
11 0.271212 0.640000 0.046070 0.004800
4 0.127570 0.654000 0.041870 0.003276
2 0.201435 0.654000 0.060830 0.003276
11 0.250020 0.654000 0.036735 0.003276
7 0.316775 0.654000 0.115735 0.003276
4 0.148130 0.669000 0.028710 0.006000
2 0.209900 0.669000 0.053070 0.006000
3 0.288200 0.669000 0.073950 0.006000
7 0.363455 0.669000 0.069600 0.006000
11 0.217730 0.669000 0.028710 0.006000
4 0.219914 0.682448 0.065844 0.001000
2 0.333188 0.682448 0.149544 0.001000
11 0.315890 0.682448 0.036828 0.001000
7 0.491102 0.682448 0.129456 0.001000
7 0.499500 0.742500 0.139590 0.009880
4 0.179744 0.756952 0.051744 0.001000
2 0.295904 0.756952 0.174768 0.001000
3 0.393056 0.756952 0.085536 0.001000
7 0.504464 0.756952 0.084480 0.001000
11 0.264224 0.756952 0.051216 0.001000
4 0.155119 0.771012 0.037468 0.004512
2 0.352928 0.771012 0.208278 0.004512
3 0.474148 0.771012 0.085956 0.004512
7 0.552941 0.771012 0.060610 0.004512
11 0.289012 0.771012 0.042978 0.004512
2 0.297796 0.785096 0.189244 0.001000
3 0.419236 0.785096 0.089562 0.001000
4 0.147514 0.785096 0.048070 0.001000
7 0.507280 0.785096 0.060214 0.001000
11 0.352444 0.785096 0.061226 0.001000
4 0.154274 0.799000 0.050778 0.003444
2 0.302240 0.799000 0.132678 0.003588
3 0.439832 0.799000 0.107562 0.003588
7 0.532652 0.799000 0.080262 0.003588
11 0.246548 0.799000 0.066612 0.003588
2 0.294696 0.813120 0.206736 0.001000
4 0.192272 0.813108 0.025960 0.001000
3 0.372576 0.813120 0.041536 0.001000
7 0.428744 0.813120 0.070800 0.001000
2 0.360110 0.827084 0.174990 0.001000
3 0.492920 0.827072 0.041610 0.001000
4 0.162320 0.827072 0.042180 0.001000
7 0.557330 0.827072 0.072390 0.001000
11 0.324200 0.827072 0.107730 0.001000
4 0.149084 0.842000 0.029028 0.008568
2 0.220424 0.842000 0.191880 0.008568
11 0.332108 0.842000 0.043296 0.008568
3 0.372944 0.842000 0.065436 0.008568
7 0.463964 0.842000 0.105780 0.008568
4 0.136412 0.855976 0.025758 0.001000
2 0.255662 0.855976 0.149778 0.001000
7 0.412118 0.855976 0.113526 0.001000
11 0.337229 0.855976 0.032436 0.001000
4 0.177240 0.868620 0.033540 0.002772
2 0.259370 0.868620 0.101050 0.002772
3 0.345800 0.868620 0.027090 0.002772
7 0.391380 0.868620 0.099330 0.002772
11 0.313980 0.868620 0.030100 0.002772
2 0.254192 0.884000 0.103389 0.001032
3 0.329696 0.884000 0.059202 0.001032
4 0.152090 0.884000 0.030459 0.001032
7 0.412922 0.884000 0.082368 0.001032
11 0.273068 0.884000 0.043329 0.001032
2 0.313712 0.897832 0.190992 0.001000
3 0.437360 0.897832 0.066240 0.001000
4 0.203312 0.897832 0.032016 0.001000
7 0.502496 0.897832 0.049680 0.001000
11 0.392096 0.897832 0.038640 0.001000
2 0.329090 0.912000 0.176218 0.001000
4 0.166380 0.912012 0.029472 0.001000
3 0.500396 0.912012 0.031928 0.001000
7 0.548288 0.912012 0.087802 0.001000
11 0.427944 0.912012 0.068154 0.001000
2 0.335333 0.922124 0.148628 0.001000
4 0.181615 0.922124 0.033594 0.001000
7 0.494141 0.922124 0.060571 0.001000
11 0.303775 0.922124 0.032576 0.001000
