0 0.482500 0.088500 0.191000 0.027000
0 0.511000 0.108500 0.898000 0.013000
0 0.511000 0.122500 0.898000 0.013000
0 0.511000 0.137500 0.898000 0.013000
0 0.511000 0.151500 0.898000 0.013000
0 0.511000 0.166500 0.898000 0.013000
0 0.511000 0.180500 0.898000 0.013000
0 0.511000 0.195500 0.898000 0.013000
0 0.511000 0.209500 0.898000 0.013000
0 0.482500 0.274500 0.281000 0.027000
0 0.511000 0.295500 0.898000 0.013000
0 0.511000 0.310500 0.898000 0.013000
0 0.511000 0.324500 0.898000 0.013000
0 0.511000 0.339500 0.898000 0.013000
0 0.511000 0.353500 0.898000 0.013000
0 0.511000 0.368500 0.898000 0.013000
0 0.511000 0.382500 0.898000 0.013000
0 0.511000 0.397500 0.898000 0.013000
0 0.511000 0.411500 0.898000 0.013000
0 0.511000 0.426500 0.898000 0.013000
0 0.511000 0.440500 0.898000 0.013000
0 0.511000 0.454500 0.898000 0.013000
0 0.511000 0.469500 0.898000 0.013000
0 0.511000 0.483500 0.898000 0.013000
0 0.511000 0.498500 0.898000 0.013000
0 0.511000 0.512500 0.898000 0.013000
0 0.511000 0.527500 0.898000 0.013000
0 0.511000 0.541500 0.898000 0.013000
0 0.511000 0.556500 0.898000 0.013000
0 0.511000 0.570500 0.898000 0.013000
0 0.487500 0.627500 0.127000 0.013000
0 0.511000 0.641500 0.898000 0.013000
0 0.511000 0.656500 0.898000 0.013000
0 0.511000 0.670500 0.898000 0.013000
0 0.511000 0.685500 0.898000 0.013000
0 0.511000 0.699500 0.898000 0.013000
0 0.511000 0.714500 0.898000 0.013000
0 0.511000 0.728500 0.898000 0.013000
0 0.511000 0.742500 0.898000 0.013000
0 0.483000 0.800500 0.136000 0.013000
0 0.511000 0.814500 0.898000 0.013000
0 0.511000 0.829500 0.898000 0.013000
0 0.511000 0.843500 0.898000 0.013000
0 0.511000 0.858500 0.898000 0.013000
0 0.511000 0.872500 0.898000 0.013000
0 0.511000 0.887500 0.898000 0.013000
0 0.511000 0.901500 0.898000 0.013000
0 0.511000 0.916500 0.898000 0.013000
0 0.511000 0.930500 0.898000 0.013000
9 0.483837 0.081966 0.081557 0.002268
2 0.484983 0.091389 0.152418 0.003078
2 0.320624 0.109150 0.258624 0.001000
3 0.472386 0.109150 0.149966 0.001000
4 0.243396 0.109150 0.026940 0.001000
5 0.900732 0.109150 0.052982 0.001000
7 0.552308 0.109150 0.078126 0.001000
4 0.202986 0.122331 0.039512 0.001000
2 0.391566 0.122331 0.290054 0.001000
3 0.570268 0.122331 0.041308 0.001000
7 0.524470 0.122331 0.045798 0.001000
11 0.308950 0.122331 0.052084 0.001000
5 0.900732 0.122331 0.057472 0.001000
4 0.189516 0.136954 0.069146 0.001000
2 0.329604 0.136954 0.245154 0.001000
3 0.491244 0.136954 0.098780 0.001000
7 0.588228 0.136954 0.096086 0.001000
5 0.910610 0.136954 0.061962 0.001000
11 0.284704 0.136954 0.057472 0.001000
2 0.484958 0.152007 0.384344 0.001000
4 0.248784 0.152007 0.034124 0.001000
5 0.911508 0.152007 0.048492 0.001000
7 0.673538 0.152007 0.101474 0.001000
2 0.403240 0.166318 0.284666 0.001000
3 0.502020 0.166318 0.177804 0.001000
4 0.302664 0.166318 0.037716 0.001000
5 0.893548 0.166318 0.070044 0.001000
7 0.623250 0.166318 0.161640 0.001000
11 0.446344 0.166318 0.066452 0.001000
4 0.255070 0.180149 0.037716 0.001000
2 0.354748 0.180149 0.132006 0.001000
3 0.521776 0.180149 0.105066 0.001000
7 0.626842 0.180149 0.074534 0.001000
5 0.904324 0.180149 0.055676 0.001000
11 0.450834 0.180149 0.040410 0.001000
4 0.303562 0.195461 0.041308 0.001000
2 0.379892 0.195474 0.309810 0.001000
3 0.616964 0.195474 0.066452 0.001000
7 0.737296 0.195474 0.167028 0.001000
5 0.902528 0.195500 0.064656 0.001000
11 0.513694 0.195461 0.075432 0.001000
2 0.483162 0.209565 0.456184 0.001000
4 0.197598 0.209565 0.048492 0.001000
5 0.895344 0.209565 0.064656 0.001000
7 0.748072 0.209565 0.167028 0.001000
7 0.481938 0.264996 0.129822 0.003078
2 0.482219 0.274365 0.211874 0.003429
2 0.367320 0.295500 0.363690 0.001079
3 0.403240 0.295500 0.098780 0.001079
4 0.251478 0.295500 0.044900 0.001079
5 0.917794 0.295500 0.084412 0.001079
6 0.306256 0.295500 0.094290 0.001079
7 0.546920 0.295500 0.227194 0.001079
2 0.334992 0.310903 0.280176 0.001000
3 0.460712 0.310903 0.276584 0.001000
4 0.218252 0.310903 0.052084 0.001000
5 0.904324 0.310903 0.056574 0.001000
6 0.288296 0.310903 0.044900 0.001000
7 0.676232 0.310903 0.125720 0.001000
11 0.338584 0.310903 0.034124 0.001000
2 0.474182 0.324487 0.249644 0.001000
3 0.651088 0.324487 0.133802 0.001000
4 0.255968 0.324487 0.040410 0.001000
5 0.914202 0.324487 0.052084 0.001000
6 0.333196 0.324487 0.051186 0.001000
7 0.748072 0.324487 0.066452 0.001000
11 0.429282 0.324487 0.026940 0.001000
4 0.224538 0.339500 0.052084 0.001000
2 0.368218 0.339500 0.201152 0.001000
11 0.434670 0.339500 0.035920 0.001000
3 0.534348 0.339500 0.054778 0.001000
7 0.668150 0.339500 0.215520 0.001000
5 0.913304 0.339500 0.068248 0.001000
2 0.349360 0.349340 0.190376 0.001000
3 0.240702 0.349340 0.079024 0.001000
4 0.171556 0.349340 0.035920 0.001000
5 0.909712 0.349340 0.050288 0.001000
6 0.313440 0.349340 0.066452 0.001000
7 0.475978 0.349340 0.312504 0.001000
11 0.408628 0.349340 0.037716 0.001000
2 0.417608 0.368617 0.194866 0.001000
3 0.583738 0.368617 0.186784 0.001000
4 0.282010 0.368617 0.048492 0.001000
5 0.906120 0.368617 0.056574 0.001000
6 0.340380 0.368617 0.076330 0.001000
7 0.761542 0.368617 0.172416 0.001000
11 0.384382 0.368617 0.033226 0.001000
4 0.234416 0.382695 0.064656 0.001000
2 0.354748 0.382734 0.287360 0.001000
5 0.905222 0.382695 0.054778 0.001000
7 0.671742 0.382734 0.272094 0.001000
11 0.414016 0.382734 0.029634 0.001000
4 0.194904 0.397279 0.044002 0.001000
2 0.309848 0.397279 0.224500 0.001000
11 0.374504 0.397279 0.034124 0.001000
7 0.444548 0.397292 0.137394 0.001000
5 0.905222 0.397279 0.045798 0.001000
4 0.195802 0.411461 0.056574 0.001000
6 0.272132 0.411461 0.111352 0.001000
11 0.390668 0.411461 0.028736 0.001000
2 0.526266 0.411461 0.106862 0.001000
3 0.648394 0.411461 0.053880 0.001000
7 0.727418 0.411461 0.073636 0.001000
5 0.920488 0.411461 0.040410 0.001000
2 0.342176 0.420754 0.309810 0.001000
3 0.465202 0.420754 0.115842 0.001000
4 0.252376 0.420754 0.043104 0.001000
5 0.897140 0.420741 0.049390 0.001000
6 0.338584 0.420754 0.204744 0.001000
7 0.581044 0.420754 0.288258 0.001000
11 0.399648 0.420754 0.043104 0.001000
2 0.371810 0.440500 0.272094 0.001000
3 0.493040 0.440500 0.186784 0.001000
4 0.228130 0.440500 0.052084 0.001000
5 0.900732 0.440500 0.063758 0.001000
6 0.322420 0.440500 0.100576 0.001000
7 0.685212 0.440500 0.223602 0.001000
11 0.401444 0.440500 0.028736 0.001000
4 0.229028 0.454500 0.046696 0.001000
2 0.368218 0.454500 0.224500 0.001000
3 0.496632 0.454500 0.190376 0.001000
7 0.641210 0.454500 0.318790 0.001000
5 0.906120 0.454435 0.053880 0.001000
11 0.428384 0.454513 0.035920 0.001000
4 0.213762 0.469656 0.037716 0.001000
2 0.411322 0.469656 0.151762 0.001000
3 0.574758 0.469656 0.094290 0.001000
7 0.717540 0.469656 0.216418 0.001000
5 0.896242 0.469656 0.050288 0.001000
6 0.290092 0.469656 0.076330 0.001000
11 0.249682 0.469656 0.027838 0.001000
4 0.208374 0.482889 0.048492 0.001000
2 0.339482 0.482889 0.152660 0.001000
3 0.475080 0.482889 0.036818 0.001000
7 0.560390 0.482889 0.201152 0.001000
5 0.883670 0.482889 0.059268 0.001000
2 0.404138 0.498500 0.160742 0.001000
3 0.567574 0.498500 0.088004 0.001000
4 0.235314 0.498500 0.042206 0.001000
5 0.911508 0.498591 0.053880 0.001000
7 0.640312 0.498500 0.088004 0.001000
11 0.366422 0.498500 0.074534 0.001000
2 0.316134 0.509159 0.360098 0.001000
3 0.545124 0.509159 0.119434 0.001000
4 0.203884 0.509159 0.050288 0.001000
5 0.905222 0.509159 0.054778 0.001000
7 0.652884 0.509159 0.142782 0.001000
11 0.432874 0.509159 0.102372 0.001000
2 0.400546 0.527890 0.217316 0.001000
3 0.365524 0.527903 0.126618 0.001000
4 0.246090 0.527903 0.044900 0.001000
5 0.906120 0.527942 0.052982 0.001000
7 0.486754 0.527903 0.100576 0.001000
11 0.319726 0.527890 0.043104 0.001000
2 0.346666 0.541136 0.334056 0.001000
4 0.216456 0.541149 0.032328 0.001000
5 0.903426 0.541136 0.055676 0.001000
7 0.640312 0.541136 0.219112 0.001000
11 0.419404 0.541149 0.088004 0.001000
4 0.270336 0.556812 0.049390 0.001000
2 0.390668 0.556799 0.170620 0.001000
3 0.502020 0.556799 0.070044 0.001000
7 0.606188 0.556799 0.140986 0.001000
5 0.911508 0.556799 0.054778 0.001000
11 0.317930 0.556799 0.049390 0.001000
2 0.297276 0.564611 0.305320 0.001000
3 0.497530 0.564611 0.246052 0.001000
4 0.202986 0.564611 0.063758 0.001000
5 0.904324 0.564611 0.071840 0.001000
7 0.673538 0.564611 0.125720 0.001000
11 0.367320 0.564611 0.065554 0.001000
7 0.487500 0.627500 0.114300 0.006630
2 0.426588 0.638341 0.465164 0.001000
4 0.226334 0.638341 0.046696 0.001000
5 0.903426 0.638341 0.054778 0.001000
6 0.299072 0.638341 0.103270 0.001000
7 0.646598 0.638341 0.065554 0.001000
11 0.390668 0.638341 0.029634 0.001000
4 0.204782 0.656929 0.050288 0.001000
2 0.493938 0.656929 0.309810 0.001000
5 0.909712 0.656929 0.064656 0.001000
6 0.292786 0.656929 0.102372 0.001000
7 0.643904 0.656929 0.213724 0.001000
2 0.317930 0.670110 0.338546 0.001000
3 0.519980 0.670110 0.161640 0.001000
4 0.223640 0.670110 0.036818 0.001000
5 0.893548 0.670110 0.066452 0.001000
6 0.285602 0.670110 0.088004 0.001000
7 0.666354 0.670110 0.096086 0.001000
4 0.203884 0.685461 0.049390 0.001000
2 0.363728 0.685461 0.218214 0.001000
3 0.595412 0.685461 0.132006 0.001000
7 0.696886 0.685461 0.054778 0.001000
5 0.908814 0.685461 0.051186 0.001000
6 0.273928 0.685461 0.093392 0.001000
2 0.378096 0.699305 0.266706 0.001000
3 0.297276 0.699305 0.071840 0.001000
4 0.200292 0.699305 0.039512 0.001000
5 0.904324 0.699305 0.064656 0.001000
6 0.248784 0.699305 0.043104 0.001000
7 0.502020 0.699305 0.102372 0.001000
2 0.435568 0.714500 0.408590 0.001000
4 0.178740 0.714500 0.066452 0.001000
5 0.883670 0.714500 0.072738 0.001000
6 0.268540 0.714500 0.167028 0.001000
7 0.628638 0.714500 0.290054 0.001000
11 0.433772 0.714500 0.028736 0.001000
4 0.298174 0.728487 0.050288 0.001000
2 0.427486 0.728487 0.281074 0.001000
5 0.901630 0.728487 0.076330 0.001000
6 0.330502 0.728487 0.076330 0.001000
7 0.581044 0.728487 0.250542 0.001000
2 0.356544 0.738171 0.322382 0.001000
3 0.490346 0.738171 0.171518 0.001000
4 0.223640 0.738171 0.040410 0.001000
5 0.913304 0.738171 0.046696 0.001000
6 0.302664 0.738171 0.080820 0.001000
7 0.686110 0.738171 0.136496 0.001000
7 0.483408 0.800305 0.121720 0.010816
4 0.315236 0.815150 0.077228 0.001000
2 0.315236 0.815150 0.321484 0.001000
5 0.909712 0.815150 0.066452 0.001000
6 0.350258 0.815150 0.157150 0.001000
7 0.459814 0.815150 0.231684 0.001000
11 0.406832 0.815150 0.044002 0.001000
2 0.313440 0.827680 0.250542 0.001000
4 0.226334 0.827693 0.040410 0.001000
5 0.898936 0.827667 0.061064 0.001000
6 0.270336 0.827693 0.096984 0.001000
7 0.435568 0.827693 0.163436 0.001000
2 0.394260 0.843370 0.232582 0.001000
3 0.527164 0.843370 0.093392 0.001000
4 0.190414 0.843370 0.052084 0.001000
5 0.908814 0.843344 0.070044 0.001000
6 0.290990 0.843370 0.118536 0.001000
7 0.581044 0.843370 0.112250 0.001000
11 0.488550 0.843370 0.034124 0.001000
2 0.502918 0.856459 0.409488 0.001014
4 0.215558 0.856472 0.041308 0.001000
5 0.911508 0.856459 0.048492 0.001000
6 0.268540 0.856459 0.117638 0.001014
7 0.648394 0.856459 0.202050 0.001014
2 0.494836 0.872448 0.383446 0.001000
4 0.176046 0.872448 0.046696 0.001000
5 0.924080 0.872448 0.035920 0.001000
6 0.304460 0.872448 0.087106 0.001000
7 0.769624 0.872448 0.143680 0.001000
11 0.485856 0.872448 0.031430 0.001000
2 0.373606 0.886187 0.229888 0.001000
4 0.234416 0.886187 0.050288 0.001000
5 0.912406 0.886278 0.054778 0.001000
3 0.539736 0.886187 0.140088 0.001000
7 0.651986 0.886187 0.120332 0.001000
11 0.454426 0.886187 0.066452 0.001000
2 0.265846 0.902007 0.369078 0.001000
3 0.332298 0.902007 0.147272 0.001000
4 0.156290 0.902007 0.049390 0.001000
5 0.907018 0.902007 0.052982 0.001000
6 0.229926 0.902007 0.096984 0.001000
7 0.495734 0.902007 0.092494 0.001000
11 0.272132 0.902007 0.033226 0.001000
4 0.218252 0.916474 0.058370 0.001000
2 0.361932 0.916487 0.211928 0.001000
3 0.518184 0.916474 0.156252 0.001000
7 0.633128 0.916487 0.100576 0.001000
5 0.914202 0.916513 0.044900 0.001000
11 0.447242 0.916474 0.036818 0.001000
4 0.229926 0.929876 0.038614 0.001183
2 0.379892 0.929876 0.123924 0.001183
3 0.520878 0.929876 0.128414 0.001183
7 0.611576 0.929876 0.063758 0.001183
5 0.902528 0.929876 0.057472 0.001183
11 0.317032 0.929876 0.052084 0.001183
