0 0.093000 0.061000 0.130000 0.018000
0 0.248000 0.085000 0.440000 0.016000
0 0.248000 0.108500 0.440000 0.015000
0 0.248000 0.131500 0.440000 0.015000
0 0.248000 0.154000 0.440000 0.014000
0 0.248000 0.176500 0.440000 0.015000
0 0.077000 0.220000 0.098000 0.018000
0 0.248000 0.244500 0.440000 0.015000
0 0.248000 0.267500 0.440000 0.015000
0 0.248000 0.290500 0.440000 0.015000
0 0.175500 0.334000 0.295000 0.018000
0 0.248000 0.358500 0.440000 0.015000
0 0.248000 0.381000 0.440000 0.014000
0 0.248000 0.403500 0.440000 0.015000
0 0.248000 0.426500 0.440000 0.015000
0 0.248000 0.449500 0.440000 0.015000
0 0.248000 0.472000 0.440000 0.014000
0 0.248000 0.494500 0.440000 0.015000
0 0.248000 0.517500 0.440000 0.015000
0 0.248000 0.540500 0.440000 0.015000
0 0.248000 0.834000 0.218000 0.014000
0 0.248000 0.859000 0.218000 0.014000
0 0.248000 0.884000 0.218000 0.014000
2 0.172760 0.085144 0.233640 0.001000
3 0.097520 0.085144 0.091960 0.001000
4 0.229960 0.085144 0.016720 0.001000
5 0.413440 0.085144 0.047960 0.001000
7 0.194320 0.085144 0.035200 0.001000
12 0.211920 0.085144 0.032120 0.001000
3 0.084760 0.108545 0.065120 0.001000
2 0.141960 0.108545 0.041800 0.001000
7 0.196520 0.108545 0.060720 0.001000
4 0.245360 0.108545 0.017600 0.001000
12 0.277920 0.108545 0.041360 0.001000
5 0.420040 0.108545 0.075680 0.001000
3 0.078600 0.131470 0.080520 0.005370
2 0.183760 0.131470 0.205040 0.005370
5 0.439840 0.131470 0.051040 0.005370
2 0.155160 0.153860 0.187440 0.001148
4 0.203120 0.153860 0.035640 0.001148
5 0.446440 0.153790 0.042680 0.001316
2 0.236120 0.174775 0.149600 0.001000
7 0.310920 0.174775 0.063800 0.001000
5 0.443360 0.174775 0.026840 0.001000
12 0.352280 0.174775 0.040480 0.001000
2 0.077000 0.220000 0.084933 0.008400
3 0.078600 0.243915 0.092840 0.001155
4 0.147240 0.243915 0.055440 0.001155
2 0.168800 0.243915 0.161040 0.001155
5 0.432360 0.243915 0.034760 0.001155
2 0.196080 0.267770 0.193160 0.001000
4 0.204880 0.267770 0.023760 0.001000
5 0.445560 0.267770 0.037400 0.001000
2 0.149880 0.290560 0.187000 0.001335
3 0.092680 0.290575 0.046640 0.001350
5 0.442920 0.290515 0.039600 0.001305
2 0.145920 0.358485 0.187440 0.001000
3 0.071120 0.358485 0.068640 0.001000
7 0.229080 0.358485 0.135080 0.001000
5 0.440280 0.358500 0.055440 0.001000
2 0.125240 0.377500 0.213840 0.001000
3 0.079480 0.377500 0.095040 0.001000
5 0.442480 0.377500 0.049280 0.001000
2 0.149000 0.401070 0.223080 0.002580
7 0.197840 0.402795 0.134640 0.001620
5 0.427080 0.401070 0.051480 0.001620
2 0.237000 0.427040 0.179080 0.001000
3 0.108080 0.427040 0.115280 0.001000
7 0.262080 0.427040 0.073480 0.001000
5 0.444680 0.427040 0.035640 0.001000
2 0.159120 0.447985 0.174680 0.001000
3 0.090480 0.447985 0.047080 0.001000
7 0.244480 0.447985 0.064680 0.001000
5 0.443360 0.448075 0.037400 0.001000
2 0.233480 0.472084 0.162360 0.001000
3 0.137120 0.472084 0.074360 0.001000
5 0.445560 0.472084 0.022440 0.001000
7 0.223800 0.472084 0.095040 0.001000
2 0.099720 0.493915 0.253000 0.001080
7 0.191680 0.493915 0.107800 0.001080
5 0.440280 0.493915 0.044440 0.001080
2 0.150760 0.517500 0.213400 0.001000
3 0.110280 0.517500 0.052800 0.001000
7 0.211040 0.517500 0.099000 0.001000
5 0.442480 0.517515 0.051480 0.001000
2 0.233920 0.540605 0.286880 0.001185
7 0.215000 0.540605 0.065120 0.001185
5 0.444240 0.540605 0.023760 0.001185
2 0.194154 0.834014 0.050576 0.007350
5 0.334982 0.834014 0.041420 0.007350
2 0.166250 0.859000 0.044908 0.004368
5 0.336726 0.859000 0.040766 0.004368
2 0.191102 0.882334 0.062348 0.003654
5 0.334764 0.882334 0.036624 0.003654
