0 0.645500 0.068500 0.233000 0.017000
0 0.749000 0.091500 0.440000 0.013000
0 0.749000 0.115500 0.440000 0.015000
0 0.749000 0.141500 0.440000 0.013000
0 0.749000 0.165000 0.440000 0.014000
0 0.749000 0.189000 0.440000 0.014000
0 0.749000 0.213000 0.440000 0.014000
0 0.749000 0.237000 0.440000 0.014000
0 0.560500 0.283500 0.063000 0.017000
0 0.749000 0.309000 0.440000 0.014000
0 0.749000 0.333000 0.440000 0.014000
0 0.749000 0.357000 0.440000 0.014000
0 0.749000 0.381000 0.440000 0.014000
0 0.749000 0.405000 0.440000 0.014000
0 0.749000 0.429000 0.440000 0.014000
0 0.749000 0.453000 0.440000 0.014000
0 0.749000 0.477000 0.440000 0.014000
0 0.749000 0.501000 0.440000 0.014000
0 0.749000 0.525000 0.440000 0.014000
0 0.749000 0.549000 0.440000 0.014000
0 0.551500 0.595500 0.045000 0.017000
0 0.749000 0.621000 0.440000 0.014000
0 0.749000 0.645000 0.440000 0.014000
0 0.546500 0.691500 0.035000 0.017000
0 0.749000 0.717000 0.440000 0.014000
0 0.749000 0.741000 0.440000 0.014000
0 0.749000 0.765000 0.440000 0.014000
0 0.749000 0.789000 0.440000 0.014000
0 0.749000 0.813000 0.440000 0.014000
0 0.749000 0.837000 0.440000 0.014000
0 0.749000 0.861000 0.440000 0.014000
0 0.749000 0.885000 0.440000 0.014000
0 0.749000 0.909000 0.440000 0.014000
0 0.749000 0.933000 0.440000 0.014000
2 0.699280 0.091500 0.150040 0.001365
7 0.735800 0.091500 0.016280 0.001000
5 0.935560 0.091500 0.058520 0.001365
2 0.656600 0.117450 0.171600 0.001350
3 0.731400 0.117450 0.061600 0.001350
7 0.801800 0.117450 0.052800 0.001350
5 0.938200 0.117450 0.057200 0.001350
2 0.686080 0.141552 0.224400 0.001092
3 0.647800 0.141552 0.076560 0.001092
7 0.735800 0.141552 0.059840 0.001092
5 0.944360 0.141552 0.049280 0.001092
2 0.727000 0.161920 0.183920 0.001000
3 0.731840 0.162816 0.058080 0.001000
7 0.750320 0.162816 0.078320 0.001000
5 0.944360 0.162228 0.039160 0.001022
2 0.717320 0.188916 0.298320 0.001000
3 0.664080 0.188916 0.041800 0.001000
4 0.728760 0.188916 0.017160 0.001000
5 0.937760 0.188916 0.045320 0.001000
7 0.773200 0.188916 0.057640 0.001000
11 0.645600 0.188916 0.014520 0.001000
2 0.734920 0.212986 0.143440 0.001000
3 0.664520 0.212986 0.070400 0.001000
4 0.741960 0.212986 0.020680 0.001000
5 0.940840 0.213084 0.049280 0.001000
7 0.760000 0.213000 0.020680 0.001000
2 0.666720 0.232100 0.146960 0.001000
3 0.729200 0.232100 0.117480 0.001000
7 0.789920 0.232100 0.058520 0.001000
5 0.933360 0.232100 0.062920 0.001000
2 0.683000 0.309000 0.159720 0.001092
3 0.728760 0.309000 0.023320 0.001092
7 0.776720 0.309000 0.095040 0.001092
4 0.876160 0.309000 0.033440 0.001092
5 0.931160 0.309000 0.065560 0.001092
2 0.752960 0.332944 0.219560 0.001000
4 0.870880 0.332972 0.024200 0.001000
7 0.814120 0.332944 0.034760 0.001000
6 0.631520 0.357000 0.119240 0.001162
3 0.687840 0.357000 0.035200 0.001162
7 0.754280 0.357000 0.092400 0.001162
4 0.851520 0.357000 0.029040 0.001162
5 0.926320 0.357000 0.067320 0.001162
2 0.639000 0.381000 0.283800 0.001232
3 0.679920 0.381000 0.058960 0.001232
7 0.748560 0.381000 0.096360 0.001232
4 0.836120 0.381000 0.015400 0.001232
10 0.944800 0.381000 0.038720 0.001232
2 0.745480 0.404958 0.204600 0.001000
3 0.653520 0.404958 0.117480 0.001000
4 0.792120 0.404958 0.014960 0.001000
7 0.770560 0.404958 0.021120 0.001000
5 0.939080 0.404958 0.057640 0.001000
2 0.647360 0.428972 0.105160 0.001000
3 0.643840 0.428986 0.049280 0.001000
4 0.744160 0.428972 0.018480 0.001000
7 0.696640 0.428972 0.061160 0.001000
5 0.931160 0.429014 0.058960 0.001000
2 0.747680 0.452958 0.197560 0.001000
3 0.655280 0.452958 0.034320 0.001000
4 0.734480 0.452958 0.025520 0.001000
7 0.693120 0.452958 0.049280 0.001000
6 0.584440 0.452958 0.063360 0.001000
5 0.949640 0.452958 0.033440 0.001000
2 0.682560 0.477000 0.114840 0.001000
3 0.596760 0.477000 0.067320 0.001000
4 0.796960 0.477000 0.022000 0.001000
5 0.930720 0.476986 0.037840 0.001000
7 0.730080 0.477000 0.067320 0.001000
11 0.655280 0.477000 0.050160 0.001000
2 0.653080 0.500860 0.127160 0.001000
3 0.595440 0.500860 0.058520 0.001000
4 0.745920 0.500860 0.016720 0.001000
7 0.708960 0.500860 0.033440 0.001000
5 0.935560 0.500860 0.067320 0.001000
2 0.668480 0.525630 0.151360 0.001000
3 0.699280 0.525630 0.085360 0.001000
4 0.745920 0.525630 0.028160 0.001000
7 0.721720 0.525630 0.051040 0.001000
2 0.734480 0.548888 0.170280 0.001000
3 0.664960 0.548888 0.068640 0.001000
4 0.782000 0.548888 0.016280 0.001000
5 0.941280 0.548888 0.026840 0.001000
7 0.760880 0.548888 0.020240 0.001000
2 0.552085 0.595500 0.040050 0.013668
2 0.649120 0.620706 0.116160 0.001000
3 0.755160 0.620706 0.095040 0.001000
4 0.843600 0.620706 0.022000 0.001000
7 0.815000 0.620706 0.025520 0.001000
5 0.932920 0.620706 0.032120 0.001000
7 0.636800 0.645098 0.260040 0.001000
2 0.697080 0.645084 0.211200 0.001000
3 0.683000 0.645098 0.024200 0.001000
4 0.809280 0.645098 0.021560 0.001000
5 0.945680 0.645084 0.028600 0.001000
2 0.658360 0.717406 0.133320 0.001000
3 0.717760 0.717406 0.100760 0.001000
7 0.783760 0.717462 0.110440 0.001000
4 0.844920 0.717462 0.023320 0.001000
10 0.855040 0.717504 0.019800 0.001000
5 0.935120 0.717462 0.065120 0.001000
2 0.702800 0.741098 0.172920 0.001204
4 0.726120 0.741098 0.019800 0.001204
7 0.672000 0.741098 0.097680 0.001204
6 0.566840 0.741098 0.057200 0.001204
5 0.933360 0.741098 0.056320 0.001204
2 0.699720 0.764706 0.128040 0.001000
3 0.628440 0.764706 0.034320 0.001000
4 0.714240 0.764706 0.020240 0.001000
7 0.672880 0.764706 0.062920 0.001000
2 0.716440 0.789168 0.160160 0.001000
3 0.643840 0.789168 0.079200 0.001000
4 0.773640 0.789168 0.028160 0.001000
7 0.735800 0.789168 0.051480 0.001000
2 0.690920 0.808030 0.203280 0.001204
3 0.664080 0.808030 0.101640 0.001204
4 0.788600 0.808030 0.026400 0.001204
7 0.760880 0.808030 0.058520 0.001204
2 0.681680 0.836804 0.105600 0.001000
3 0.727000 0.836790 0.034760 0.001000
7 0.800920 0.836776 0.095920 0.001000
4 0.860320 0.836790 0.035640 0.001000
5 0.947880 0.836790 0.031240 0.001000
2 0.638560 0.854896 0.123200 0.001000
3 0.678160 0.854910 0.082280 0.001000
7 0.709400 0.854910 0.049720 0.001000
4 0.729200 0.854910 0.029480 0.001000
5 0.947880 0.854896 0.043120 0.001000
2 0.678160 0.883334 0.200200 0.001246
4 0.739760 0.883348 0.032560 0.001232
7 0.684320 0.883362 0.123640 0.001232
5 0.939080 0.883348 0.055440 0.001246
2 0.682120 0.909070 0.133320 0.001000
3 0.567280 0.909070 0.047080 0.001000
4 0.743720 0.909070 0.014960 0.001000
5 0.947000 0.909070 0.036520 0.001000
7 0.651760 0.909070 0.091960 0.001000
2 0.683440 0.932972 0.165880 0.001000
3 0.723040 0.933364 0.022880 0.001000
7 0.758240 0.933350 0.061600 0.001000
4 0.797840 0.933350 0.019800 0.001000
5 0.945240 0.933224 0.038720 0.001050
