0 0.088000 0.040000 0.122000 0.012000
0 0.080500 0.093000 0.107000 0.018000
0 0.077500 0.143500 0.101000 0.015000
0 0.248000 0.167000 0.442000 0.014000
0 0.103000 0.211500 0.152000 0.015000
0 0.248000 0.234000 0.442000 0.014000
0 0.248000 0.257000 0.442000 0.014000
0 0.248000 0.280000 0.442000 0.014000
0 0.248000 0.303000 0.442000 0.014000
0 0.248000 0.326000 0.442000 0.014000
0 0.248000 0.349000 0.442000 0.014000
0 0.248000 0.372000 0.442000 0.014000
0 0.248000 0.395000 0.442000 0.014000
0 0.248000 0.418000 0.442000 0.014000
0 0.112500 0.462000 0.171000 0.014000
0 0.248000 0.485000 0.442000 0.014000
0 0.248000 0.508000 0.442000 0.014000
0 0.248000 0.531000 0.442000 0.014000
0 0.082000 0.575500 0.110000 0.015000
0 0.248000 0.599000 0.442000 0.014000
0 0.248000 0.622000 0.442000 0.014000
0 0.101000 0.666500 0.148000 0.015000
0 0.248000 0.690000 0.442000 0.014000
0 0.116000 0.734500 0.178000 0.015000
0 0.248000 0.758000 0.442000 0.014000
0 0.092500 0.802500 0.131000 0.015000
0 0.248000 0.826000 0.442000 0.014000
0 0.248000 0.849000 0.442000 0.014000
0 0.248000 0.872000 0.442000 0.014000
0 0.248000 0.895000 0.442000 0.014000
0 0.563500 0.093000 0.073000 0.018000
0 0.593000 0.143500 0.132000 0.015000
0 0.747000 0.167000 0.440000 0.014000
0 0.575000 0.219500 0.096000 0.015000
0 0.747000 0.243000 0.440000 0.014000
0 0.747000 0.266000 0.440000 0.014000
0 0.560000 0.318500 0.066000 0.015000
0 0.747000 0.342000 0.440000 0.014000
0 0.557500 0.394500 0.061000 0.015000
0 0.588000 0.446500 0.122000 0.015000
0 0.747000 0.470000 0.440000 0.014000
0 0.592000 0.522500 0.130000 0.015000
0 0.747000 0.546000 0.440000 0.014000
0 0.575000 0.598500 0.096000 0.015000
0 0.747000 0.622000 0.440000 0.014000
0 0.577000 0.671500 0.100000 0.017000
0 0.747000 0.696000 0.440000 0.014000
0 0.747000 0.719000 0.440000 0.014000
2 0.088000 0.040000 0.097600 0.004800
2 0.080500 0.093000 0.090094 0.014382
7 0.077500 0.143500 0.101000 0.015000
3 0.079156 0.166846 0.111384 0.001000
2 0.219270 0.166846 0.118014 0.001000
4 0.267006 0.166846 0.026520 0.001000
10 0.449552 0.167084 0.022542 0.001000
2 0.102831 0.211450 0.150142 0.010667
2 0.139710 0.234000 0.181220 0.001470
4 0.229436 0.234000 0.048178 0.001470
5 0.443806 0.234000 0.038896 0.001470
2 0.188772 0.252604 0.180336 0.001000
4 0.257724 0.252632 0.024310 0.001000
5 0.439828 0.252604 0.028730 0.001000
3 0.061476 0.280000 0.080002 0.004858
2 0.158716 0.280000 0.106522 0.004858
4 0.215734 0.280000 0.024752 0.004858
10 0.238718 0.280000 0.026962 0.004858
5 0.453972 0.280000 0.031824 0.004858
2 0.125124 0.302860 0.122876 0.001176
3 0.122030 0.302860 0.075140 0.001176
7 0.194518 0.302860 0.101660 0.001176
4 0.238276 0.302860 0.024310 0.001176
5 0.449994 0.302860 0.019006 0.001176
2 0.190540 0.325860 0.163540 0.001000
3 0.133080 0.325860 0.057460 0.001000
7 0.225900 0.325860 0.053040 0.001000
4 0.287780 0.325860 0.017680 0.001000
5 0.446900 0.325860 0.017680 0.001000
2 0.251536 0.349070 0.196248 0.001000
3 0.113632 0.349070 0.091052 0.001000
4 0.230320 0.349070 0.018564 0.001000
7 0.180374 0.349070 0.047294 0.001000
5 0.449110 0.349070 0.038012 0.001000
2 0.187004 0.372056 0.175474 0.001190
3 0.085786 0.372070 0.072930 0.001204
4 0.260376 0.372070 0.026520 0.001204
7 0.191866 0.372070 0.106522 0.001190
5 0.450878 0.372070 0.037128 0.001190
2 0.247116 0.395042 0.268294 0.001022
3 0.078714 0.395042 0.057902 0.001022
4 0.258166 0.395042 0.045968 0.001022
5 0.450878 0.395042 0.031824 0.001022
2 0.244022 0.413422 0.207298 0.001000
4 0.338610 0.413422 0.024752 0.001000
5 0.447784 0.413422 0.021216 0.001000
7 0.295736 0.413422 0.042874 0.001000
7 0.113213 0.462000 0.169219 0.012133
2 0.209104 0.485000 0.106080 0.001162
4 0.278056 0.485000 0.032708 0.001162
5 0.449110 0.484986 0.036686 0.001162
2 0.195402 0.507986 0.178568 0.001000
4 0.287338 0.507986 0.023868 0.001000
5 0.453972 0.507986 0.030498 0.001000
2 0.078272 0.530650 0.082212 0.001000
4 0.132196 0.530664 0.030940 0.001000
5 0.450878 0.530650 0.028730 0.001000
7 0.082000 0.575500 0.098328 0.010933
2 0.130428 0.598902 0.093704 0.001302
4 0.187446 0.598916 0.034918 0.001274
5 0.449110 0.598930 0.041106 0.001274
2 0.169766 0.621622 0.162214 0.001000
4 0.228994 0.621622 0.021216 0.001000
5 0.450878 0.621622 0.017238 0.001000
2 0.100852 0.666500 0.104784 0.002190
2 0.114958 0.688460 0.137462 0.001316
4 0.190982 0.688460 0.027404 0.001316
5 0.454414 0.688460 0.027846 0.001316
2 0.115822 0.734335 0.142222 0.004485
2 0.164020 0.753520 0.150722 0.001000
3 0.072526 0.753520 0.026078 0.001000
4 0.232530 0.753520 0.035802 0.001000
5 0.450436 0.753520 0.015028 0.001000
7 0.092500 0.802500 0.128380 0.010200
3 0.106118 0.826196 0.063648 0.001000
2 0.183468 0.826196 0.198900 0.001000
4 0.247558 0.826196 0.014586 0.001000
5 0.441596 0.826196 0.027404 0.001000
3 0.129544 0.849000 0.148070 0.001000
2 0.263028 0.849000 0.071604 0.001000
4 0.305018 0.849000 0.022984 0.001000
10 0.337726 0.849000 0.018122 0.001000
5 0.440712 0.849000 0.028288 0.001000
3 0.101698 0.871972 0.121550 0.001000
2 0.216176 0.871972 0.143208 0.001000
7 0.289106 0.871972 0.098124 0.001000
4 0.373970 0.871972 0.018564 0.001000
5 0.452204 0.871972 0.028730 0.001000
2 0.158716 0.895000 0.208624 0.002408
4 0.281592 0.895000 0.025194 0.002408
5 0.447784 0.895000 0.021216 0.002408
2 0.563500 0.093000 0.062905 0.012375
2 0.593000 0.143500 0.113520 0.010800
2 0.649320 0.162548 0.136400 0.002212
4 0.710480 0.162548 0.034320 0.002212
5 0.948520 0.162898 0.018480 0.001484
7 0.575000 0.219153 0.086520 0.010425
2 0.638320 0.242944 0.174680 0.001022
4 0.725880 0.242944 0.033880 0.001022
10 0.941040 0.242944 0.027720 0.001022
2 0.690240 0.266056 0.207240 0.001064
4 0.797160 0.266056 0.021120 0.001064
5 0.933560 0.266056 0.031240 0.001064
2 0.560000 0.318500 0.062700 0.012000
3 0.636560 0.341384 0.093720 0.001036
7 0.733800 0.341384 0.100320 0.001036
4 0.830160 0.341384 0.023320 0.001036
5 0.951600 0.341384 0.029480 0.001036
2 0.557500 0.394500 0.051227 0.010000
7 0.588000 0.446500 0.113541 0.006600
2 0.586400 0.470294 0.122320 0.001218
4 0.661200 0.470336 0.031680 0.001218
5 0.946760 0.470392 0.036960 0.001218
7 0.592000 0.522500 0.127400 0.012600
2 0.686280 0.546182 0.257840 0.002422
4 0.795400 0.546182 0.029480 0.002422
5 0.946320 0.546182 0.031240 0.002422
2 0.644480 0.622014 0.117920 0.001000
4 0.745680 0.622014 0.022440 0.001000
7 0.693320 0.622014 0.050600 0.001000
5 0.951160 0.622014 0.022440 0.001000
6 0.577000 0.671500 0.088900 0.011339
2 0.655480 0.695944 0.162360 0.001000
4 0.780440 0.695944 0.033880 0.001000
7 0.708280 0.695944 0.062480 0.001000
5 0.947640 0.695944 0.038720 0.001000
2 0.741720 0.719084 0.263120 0.001000
4 0.780440 0.719084 0.027720 0.001000
5 0.948080 0.719084 0.035640 0.001000
