0 0.105500 0.036000 0.153000 0.014000
0 0.090000 0.090500 0.122000 0.015000
0 0.248500 0.170500 0.439000 0.013000
0 0.249000 0.236500 0.440000 0.013000
0 0.248500 0.302500 0.439000 0.013000
0 0.248500 0.324500 0.439000 0.013000
0 0.248500 0.390500 0.439000 0.013000
0 0.249000 0.456500 0.440000 0.013000
0 0.249000 0.478500 0.440000 0.013000
0 0.249500 0.544500 0.441000 0.013000
0 0.249500 0.567500 0.441000 0.013000
0 0.249500 0.589500 0.441000 0.013000
0 0.249000 0.655500 0.440000 0.013000
0 0.249000 0.677500 0.440000 0.013000
0 0.249000 0.699500 0.440000 0.013000
0 0.249000 0.721500 0.440000 0.013000
0 0.249000 0.743500 0.440000 0.013000
0 0.249000 0.765500 0.440000 0.013000
0 0.249000 0.787500 0.440000 0.013000
0 0.249000 0.809500 0.440000 0.013000
0 0.249000 0.831500 0.440000 0.013000
0 0.249000 0.853500 0.440000 0.013000
0 0.746500 0.140500 0.439000 0.013000
0 0.746500 0.189500 0.439000 0.013000
0 0.746500 0.206500 0.439000 0.013000
0 0.746500 0.223500 0.439000 0.013000
0 0.746500 0.271500 0.439000 0.013000
0 0.746500 0.288500 0.439000 0.013000
0 0.746500 0.337500 0.439000 0.013000
0 0.746500 0.354500 0.439000 0.013000
0 0.746500 0.370500 0.439000 0.013000
0 0.746500 0.419500 0.439000 0.013000
0 0.746500 0.436500 0.439000 0.013000
0 0.746500 0.453500 0.439000 0.013000
0 0.746500 0.534500 0.439000 0.013000
0 0.746500 0.583500 0.439000 0.013000
0 0.746500 0.632500 0.439000 0.013000
0 0.746500 0.681500 0.439000 0.013000
0 0.746500 0.730500 0.439000 0.013000
0 0.746500 0.747500 0.439000 0.013000
0 0.746500 0.764500 0.439000 0.013000
0 0.746500 0.781500 0.439000 0.013000
0 0.746500 0.830500 0.439000 0.013000
2 0.090000 0.090500 0.119560 0.011700
2 0.186601 0.167939 0.158479 0.001976
3 0.081680 0.167939 0.071557 0.001976
4 0.231818 0.167939 0.033364 0.001976
7 0.188796 0.167939 0.065411 0.001976
10 0.449123 0.167939 0.018438 0.001976
2 0.126823 0.230596 0.148412 0.001152
7 0.240391 0.230596 0.167400 0.001152
4 0.302529 0.230596 0.037396 0.001152
5 0.456376 0.230632 0.025097 0.001223
2 0.126458 0.302500 0.169893 0.002535
4 0.249817 0.302500 0.052680 0.002535
5 0.434636 0.302500 0.066289 0.002535
2 0.173870 0.324500 0.103604 0.001014
3 0.100557 0.324500 0.073313 0.001014
4 0.224794 0.324500 0.024584 0.001014
5 0.446050 0.324500 0.033364 0.001014
2 0.111093 0.390500 0.137846 0.003445
4 0.170797 0.390500 0.043461 0.003445
5 0.451757 0.390500 0.032925 0.003445
2 0.186960 0.456474 0.154880 0.002379
4 0.273200 0.456734 0.057640 0.001872
10 0.452720 0.456578 0.026400 0.002132
3 0.100280 0.478539 0.128480 0.005733
2 0.207640 0.478539 0.080080 0.005733
4 0.287280 0.478539 0.037400 0.005733
10 0.323800 0.478539 0.028600 0.005733
5 0.439960 0.478539 0.058520 0.005733
3 0.090299 0.544500 0.060417 0.001000
7 0.167033 0.544500 0.070119 0.001000
2 0.259202 0.544500 0.113337 0.001000
4 0.368570 0.544500 0.023373 0.001000
10 0.456329 0.544500 0.026901 0.001000
3 0.133076 0.567500 0.066150 0.001000
7 0.200108 0.567500 0.073206 0.001000
2 0.238916 0.567500 0.124362 0.001000
4 0.363278 0.567500 0.022050 0.001000
5 0.448391 0.567500 0.031752 0.001000
2 0.216425 0.589253 0.302085 0.001079
4 0.311681 0.589214 0.023814 0.001001
5 0.458093 0.589214 0.031752 0.001001
2 0.143840 0.655370 0.080080 0.001000
7 0.179480 0.655370 0.062480 0.001000
4 0.244600 0.655370 0.018480 0.001000
10 0.456240 0.655370 0.017160 0.001000
2 0.144720 0.676824 0.083600 0.001000
3 0.084000 0.676837 0.033440 0.001000
7 0.183000 0.676837 0.079200 0.001000
4 0.238000 0.676824 0.018040 0.001000
5 0.453600 0.676837 0.025960 0.001000
2 0.215560 0.699916 0.188320 0.001000
3 0.088840 0.699916 0.087120 0.001000
4 0.259560 0.699916 0.028160 0.001000
7 0.203240 0.699916 0.072160 0.001000
5 0.432920 0.699916 0.034320 0.001000
2 0.239320 0.721461 0.244640 0.001000
3 0.059360 0.721461 0.045760 0.001000
4 0.260000 0.721461 0.023760 0.001000
5 0.452720 0.721461 0.025080 0.001000
7 0.207200 0.721461 0.066000 0.001000
3 0.086640 0.743500 0.057200 0.001000
2 0.166280 0.743500 0.128480 0.001000
7 0.260880 0.743500 0.104720 0.001000
4 0.343600 0.743500 0.042680 0.001000
5 0.443040 0.743500 0.051040 0.001000
2 0.196640 0.765188 0.139480 0.001000
3 0.066400 0.765188 0.031680 0.001000
4 0.260440 0.765188 0.014080 0.001000
5 0.450520 0.765188 0.018480 0.001000
7 0.204120 0.765188 0.100760 0.001000
2 0.137680 0.783210 0.131120 0.001000
3 0.064640 0.783210 0.035640 0.001000
4 0.219080 0.783210 0.015840 0.001000
5 0.444800 0.783210 0.024200 0.001000
7 0.183000 0.783210 0.036080 0.001000
2 0.150440 0.809513 0.110000 0.001000
4 0.220840 0.809513 0.023320 0.001000
7 0.188280 0.809513 0.031240 0.001000
5 0.452280 0.809487 0.021560 0.001000
3 0.076960 0.831500 0.062480 0.001000
2 0.150880 0.831500 0.063360 0.001000
7 0.227440 0.831500 0.086240 0.001000
4 0.319840 0.831500 0.022440 0.001000
5 0.439520 0.831500 0.023760 0.001000
2 0.155280 0.853500 0.177760 0.001000
3 0.076520 0.853500 0.066880 0.001000
4 0.241960 0.853526 0.025520 0.001000
7 0.197080 0.853526 0.044440 0.001000
5 0.449200 0.853500 0.041360 0.001000
2 0.666163 0.140097 0.122042 0.002028
4 0.706112 0.140123 0.029413 0.001989
10 0.944050 0.140123 0.018877 0.001989
2 0.643335 0.189552 0.105360 0.001000
4 0.710063 0.189578 0.035120 0.001000
5 0.951074 0.189643 0.029413 0.001000
2 0.681528 0.203003 0.070679 0.002015
4 0.721038 0.204446 0.039949 0.001001
5 0.937904 0.203198 0.028096 0.001599
2 0.623141 0.226555 0.244523 0.002145
4 0.775913 0.226555 0.048729 0.002145
5 0.950635 0.222889 0.030730 0.002223
2 0.691625 0.265949 0.235304 0.001000
3 0.581875 0.265949 0.107555 0.001000
4 0.739915 0.265949 0.026340 0.001000
5 0.945367 0.265949 0.020633 0.001000
11 0.689430 0.265949 0.073752 0.001000
3 0.628409 0.288942 0.152772 0.001222
2 0.718404 0.288942 0.079898 0.001222
4 0.784693 0.288942 0.023267 0.001222
5 0.948001 0.288942 0.032925 0.001222
2 0.732452 0.337500 0.265156 0.001000
4 0.791278 0.337500 0.023706 0.001000
5 0.950196 0.337500 0.029413 0.001000
2 0.730696 0.354344 0.132578 0.001000
3 0.612605 0.354344 0.137407 0.001000
4 0.728940 0.354344 0.025901 0.001000
5 0.956342 0.354344 0.018438 0.001000
11 0.697332 0.354344 0.028535 0.001000
2 0.732891 0.370409 0.126871 0.001000
3 0.622263 0.370409 0.053997 0.001000
4 0.727184 0.370409 0.019755 0.001000
5 0.933514 0.370409 0.024145 0.001000
11 0.695137 0.370409 0.030730 0.001000
2 0.672748 0.419500 0.201062 0.001183
3 0.588021 0.419500 0.061899 0.001183
4 0.734647 0.419500 0.026779 0.001183
5 0.942294 0.419500 0.022389 0.001183
11 0.669236 0.419500 0.068045 0.001183
2 0.724550 0.433380 0.241450 0.001000
3 0.610410 0.433380 0.140480 0.001000
4 0.794790 0.433380 0.079020 0.001000
11 0.728940 0.433380 0.070240 0.001000
5 0.944050 0.433380 0.030730 0.001000
2 0.690308 0.448092 0.223012 0.001000
3 0.582753 0.448118 0.114579 0.001000
4 0.733330 0.448118 0.017999 0.001000
11 0.673187 0.448092 0.063216 0.001000
5 0.942733 0.448118 0.022389 0.001000
2 0.692942 0.534136 0.166820 0.001000
3 0.624897 0.534136 0.109311 0.001000
4 0.720599 0.534149 0.032047 0.001000
5 0.940977 0.534136 0.021072 0.001000
3 0.647725 0.583500 0.149260 0.001209
4 0.750890 0.583500 0.042144 0.001209
5 0.944050 0.583500 0.035120 0.001209
3 0.588899 0.632461 0.135651 0.001000
2 0.728062 0.632461 0.070240 0.001000
4 0.777230 0.632461 0.033364 0.001000
5 0.941416 0.632526 0.032925 0.001000
2 0.679772 0.681500 0.165064 0.002236
4 0.761426 0.681500 0.030730 0.002236
5 0.945806 0.681500 0.024584 0.002236
3 0.595484 0.730591 0.150138 0.001000
2 0.721916 0.730591 0.115457 0.001000
4 0.767572 0.730591 0.058826 0.001000
5 0.942294 0.730591 0.047412 0.001000
2 0.683723 0.746954 0.268229 0.001079
4 0.706551 0.746954 0.026779 0.001079
5 0.938343 0.746954 0.027218 0.001079
3 0.597679 0.764500 0.107994 0.001000
2 0.694698 0.764500 0.105360 0.001000
4 0.744744 0.764500 0.025462 0.001000
5 0.924295 0.764500 0.039510 0.001000
2 0.677138 0.781500 0.185697 0.001079
4 0.755280 0.781500 0.028974 0.001079
5 0.943172 0.781500 0.022828 0.001079
2 0.745183 0.830604 0.261205 0.001000
3 0.632360 0.830604 0.151894 0.001000
4 0.719282 0.830604 0.026779 0.001000
5 0.939660 0.830604 0.026340 0.001000
