0 0.744000 0.054500 0.216000 0.043000
0 0.747000 0.119000 0.444000 0.014000
0 0.747000 0.144000 0.444000 0.014000
0 0.747000 0.167000 0.444000 0.014000
0 0.747000 0.191000 0.444000 0.014000
0 0.747000 0.234000 0.444000 0.014000
0 0.747000 0.256000 0.444000 0.014000
0 0.747000 0.298000 0.444000 0.014000
0 0.747000 0.320000 0.444000 0.014000
0 0.747000 0.341000 0.444000 0.014000
0 0.747000 0.364000 0.444000 0.014000
0 0.747000 0.385000 0.444000 0.014000
0 0.747000 0.406000 0.444000 0.014000
0 0.747000 0.448000 0.444000 0.014000
0 0.747000 0.470000 0.444000 0.014000
0 0.747000 0.492000 0.444000 0.014000
0 0.747000 0.513000 0.444000 0.014000
0 0.747000 0.535000 0.444000 0.014000
0 0.747000 0.578000 0.444000 0.014000
0 0.747000 0.599000 0.444000 0.014000
0 0.747000 0.621000 0.444000 0.014000
0 0.747000 0.643000 0.444000 0.014000
0 0.747000 0.664000 0.444000 0.014000
0 0.747000 0.686000 0.444000 0.014000
0 0.747000 0.707000 0.444000 0.014000
0 0.747000 0.728000 0.444000 0.014000
0 0.747000 0.771000 0.444000 0.014000
0 0.747000 0.792000 0.444000 0.014000
0 0.747000 0.835000 0.444000 0.014000
0 0.747000 0.857000 0.444000 0.014000
0 0.747000 0.878000 0.444000 0.014000
0 0.747000 0.900000 0.444000 0.014000
0 0.747000 0.921000 0.444000 0.014000
0 0.747000 0.944000 0.444000 0.014000
2 0.648432 0.119000 0.152736 0.002002
5 0.941916 0.119000 0.053280 0.002002
2 0.579168 0.144000 0.124320 0.004480
5 0.950352 0.144000 0.047952 0.004480
2 0.640884 0.167000 0.158952 0.001316
5 0.947688 0.167000 0.036852 0.001316
2 0.647544 0.190734 0.243756 0.001000
5 0.936588 0.190748 0.058164 0.001000
2 0.697272 0.235946 0.189144 0.001204
3 0.604920 0.235946 0.071040 0.001204
5 0.929484 0.235946 0.031968 0.001204
2 0.644436 0.255986 0.232656 0.001000
3 0.559188 0.255986 0.067932 0.001000
6 0.706152 0.255986 0.048840 0.001000
5 0.938808 0.255986 0.057720 0.001000
2 0.596928 0.298000 0.103896 0.002688
5 0.939252 0.298000 0.059052 0.002688
2 0.652428 0.319986 0.202464 0.001064
5 0.941472 0.320000 0.042624 0.001036
2 0.626232 0.341056 0.111888 0.001000
5 0.937920 0.341056 0.051948 0.001000
2 0.597372 0.364000 0.154068 0.002338
5 0.945024 0.364000 0.047508 0.002338
2 0.631560 0.385112 0.157176 0.001000
3 0.582720 0.385112 0.081696 0.001000
5 0.933036 0.385112 0.063048 0.001000
2 0.607140 0.406000 0.089244 0.001624
5 0.943692 0.406014 0.039960 0.001624
2 0.653316 0.447328 0.178044 0.001190
5 0.944136 0.447384 0.031080 0.001218
2 0.642216 0.469944 0.212232 0.001372
5 0.941028 0.469944 0.056832 0.001428
2 0.574728 0.491622 0.086580 0.001000
5 0.946356 0.491622 0.026640 0.001000
2 0.599148 0.513000 0.093240 0.003500
5 0.931260 0.513000 0.058608 0.003500
2 0.564753 0.535000 0.071247 0.004148
5 0.946284 0.535000 0.046465 0.004148
2 0.657312 0.578028 0.167832 0.001960
5 0.940584 0.578028 0.054168 0.001960
2 0.660420 0.598958 0.160284 0.001000
5 0.941916 0.598986 0.041736 0.001000
2 0.626232 0.621070 0.146964 0.001064
5 0.945024 0.621070 0.032856 0.001064
2 0.595152 0.642902 0.141192 0.001000
5 0.947244 0.642860 0.032856 0.001000
2 0.572952 0.663930 0.097236 0.001000
5 0.929928 0.664070 0.047508 0.001000
2 0.630672 0.685804 0.212232 0.001000
5 0.939252 0.685846 0.059052 0.001000
2 0.624456 0.707056 0.219336 0.001036
5 0.945468 0.707056 0.042624 0.001036
2 0.652872 0.728056 0.180264 0.004032
5 0.937476 0.728252 0.057276 0.003654
2 0.620143 0.771000 0.190286 0.005600
5 0.946576 0.771000 0.044848 0.005600
2 0.659088 0.791762 0.216228 0.001000
5 0.933480 0.791762 0.051504 0.001000
2 0.624456 0.835098 0.109668 0.001204
5 0.932148 0.835098 0.063492 0.001204
2 0.576060 0.857000 0.081252 0.005600
5 0.944580 0.857000 0.039960 0.005600
2 0.635556 0.878224 0.126984 0.001050
5 0.945468 0.878224 0.034632 0.001050
2 0.590712 0.900000 0.131424 0.004788
5 0.941472 0.900000 0.055500 0.004788
2 0.592044 0.921518 0.098124 0.001064
5 0.945912 0.921462 0.037296 0.001064
2 0.605364 0.943720 0.114108 0.001120
5 0.947244 0.943720 0.033744 0.001120
