0 0.081500 0.086500 0.109000 0.019000
0 0.058500 0.449000 0.063000 0.014000
0 0.078000 0.819500 0.102000 0.015000
0 0.582500 0.042500 0.091000 0.015000
0 0.576000 0.093500 0.078000 0.017000
0 0.563000 0.204000 0.052000 0.016000
0 0.622500 0.350000 0.171000 0.016000
0 0.576000 0.533500 0.078000 0.017000
0 0.248000 0.163500 0.442000 0.015000
0 0.248000 0.188500 0.442000 0.015000
0 0.248000 0.213500 0.442000 0.015000
0 0.248000 0.240500 0.442000 0.015000
0 0.248000 0.263500 0.442000 0.015000
0 0.248000 0.290500 0.442000 0.015000
0 0.248000 0.315500 0.442000 0.015000
0 0.248000 0.340500 0.442000 0.015000
0 0.248000 0.365500 0.442000 0.015000
0 0.248000 0.390500 0.442000 0.015000
0 0.248000 0.474000 0.442000 0.014000
0 0.248000 0.499000 0.442000 0.014000
0 0.248000 0.524000 0.442000 0.014000
0 0.248000 0.549000 0.442000 0.014000
0 0.248000 0.574000 0.442000 0.014000
0 0.248000 0.599000 0.442000 0.014000
0 0.248000 0.624000 0.442000 0.014000
0 0.248000 0.649000 0.442000 0.014000
0 0.248000 0.674000 0.442000 0.014000
0 0.248000 0.699000 0.442000 0.014000
0 0.248000 0.724000 0.442000 0.014000
0 0.248000 0.749000 0.442000 0.014000
0 0.248000 0.845000 0.442000 0.014000
0 0.248000 0.869500 0.442000 0.015000
0 0.756000 0.131500 0.438000 0.013000
0 0.756000 0.241500 0.438000 0.013000
0 0.756000 0.278000 0.438000 0.014000
0 0.756000 0.387500 0.438000 0.013000
0 0.756000 0.424000 0.438000 0.014000
0 0.756000 0.460500 0.438000 0.013000
0 0.756000 0.569500 0.438000 0.015000
2 0.081500 0.086500 0.106093 0.016286
7 0.576000 0.093500 0.077922 0.016983
7 0.563000 0.204000 0.041548 0.011488
7 0.622500 0.350000 0.171000 0.016000
2 0.576000 0.533500 0.059202 0.011917
2 0.165346 0.163425 0.139230 0.001305
11 0.272310 0.163425 0.046852 0.001305
5 0.450878 0.163530 0.030940 0.001185
3 0.095068 0.186460 0.118014 0.003960
2 0.236950 0.186490 0.246194 0.003945
5 0.453972 0.187045 0.030056 0.002805
11 0.373970 0.186460 0.057018 0.003960
2 0.208662 0.213500 0.129948 0.001425
5 0.449552 0.213500 0.040664 0.001425
11 0.186562 0.213500 0.029614 0.001425
3 0.093742 0.240560 0.061880 0.001050
2 0.243138 0.240560 0.240890 0.001050
5 0.449552 0.240560 0.042874 0.001050
2 0.198938 0.258445 0.218348 0.001110
5 0.453088 0.258445 0.024752 0.001125
3 0.123356 0.288580 0.089726 0.003840
2 0.218386 0.288580 0.196690 0.003840
5 0.449110 0.288580 0.036244 0.003840
2 0.164462 0.315575 0.198016 0.001140
4 0.259934 0.315590 0.030940 0.001140
5 0.455298 0.315620 0.023868 0.001095
2 0.160926 0.340500 0.259896 0.001365
5 0.449110 0.340500 0.035802 0.001365
2 0.128660 0.368470 0.145860 0.001470
5 0.451762 0.368335 0.034918 0.001620
2 0.194518 0.387020 0.177684 0.001290
11 0.305018 0.387020 0.058344 0.001290
5 0.441154 0.387065 0.035360 0.001245
3 0.080482 0.474000 0.075140 0.004662
2 0.205568 0.474000 0.125970 0.004662
4 0.253304 0.474000 0.033592 0.004662
5 0.444248 0.474000 0.049062 0.004662
2 0.219712 0.498930 0.262990 0.001000
4 0.315184 0.498930 0.022100 0.001000
5 0.442038 0.498916 0.025194 0.001000
2 0.136616 0.524238 0.186082 0.001000
3 0.094626 0.524238 0.056134 0.001000
4 0.200264 0.524238 0.029172 0.001000
5 0.434524 0.524238 0.030940 0.001000
3 0.096394 0.549000 0.085748 0.005656
2 0.226784 0.549000 0.119340 0.005656
4 0.281592 0.549000 0.028730 0.005656
5 0.439828 0.549000 0.058344 0.005656
2 0.191866 0.569240 0.205530 0.001246
3 0.106118 0.569240 0.087516 0.001246
4 0.221480 0.569226 0.025194 0.001246
5 0.446900 0.569254 0.022984 0.001246
2 0.172418 0.598986 0.162656 0.001000
4 0.229436 0.598986 0.032266 0.001000
5 0.439828 0.599000 0.032708 0.001000
2 0.176396 0.618162 0.223652 0.001000
11 0.197170 0.618162 0.042432 0.001000
4 0.249768 0.618162 0.017680 0.001000
5 0.433198 0.618162 0.033150 0.001000
3 0.091974 0.649294 0.113152 0.001000
2 0.195844 0.649294 0.056576 0.001000
4 0.270100 0.649294 0.027404 0.001000
5 0.448226 0.649294 0.042874 0.001000
2 0.186562 0.673860 0.139230 0.001000
4 0.266564 0.673860 0.026520 0.001000
5 0.446458 0.673860 0.023868 0.001000
3 0.121920 0.693624 0.082875 0.001092
2 0.223138 0.693624 0.163540 0.001092
4 0.316289 0.693624 0.031382 0.001092
5 0.449331 0.693624 0.025636 0.001092
2 0.246232 0.719450 0.167960 0.001000
3 0.068990 0.719450 0.091936 0.001000
4 0.270100 0.719450 0.019448 0.001000
5 0.432314 0.719450 0.034476 0.001000
11 0.178606 0.719450 0.062764 0.001000
10 0.289990 0.719450 0.022984 0.001000
2 0.202916 0.743176 0.228514 0.001000
3 0.059708 0.743176 0.046410 0.001000
4 0.238276 0.743176 0.018122 0.001000
5 0.445574 0.743176 0.021658 0.001000
2 0.174186 0.844958 0.157352 0.001000
3 0.076946 0.844958 0.086190 0.001000
4 0.266564 0.844958 0.019448 0.001000
7 0.225458 0.844958 0.052598 0.001000
10 0.440270 0.844958 0.031382 0.001000
3 0.164020 0.869500 0.057460 0.001000
2 0.234740 0.869500 0.092820 0.001000
7 0.323140 0.869500 0.092820 0.001000
4 0.371760 0.869500 0.017680 0.001000
5 0.446900 0.869500 0.022100 0.001000
3 0.622410 0.131617 0.067014 0.001000
2 0.730158 0.131617 0.113880 0.001000
6 0.783594 0.131617 0.069204 0.001000
4 0.836592 0.131617 0.024090 0.001000
5 0.951786 0.131643 0.023214 0.001000
2 0.664896 0.241448 0.107310 0.001000
4 0.741546 0.241578 0.037668 0.001000
5 0.956604 0.241513 0.018396 0.001000
3 0.640806 0.278532 0.322368 0.001218
4 0.767388 0.278490 0.047742 0.001218
5 0.958794 0.278364 0.031536 0.001330
11 0.702126 0.278504 0.067014 0.001176
2 0.607518 0.387396 0.094608 0.004524
4 0.652194 0.387396 0.070080 0.004524
5 0.937332 0.387331 0.069642 0.004485
2 0.746802 0.424434 0.142788 0.001000
4 0.722274 0.424434 0.030222 0.001000
5 0.955728 0.424434 0.023652 0.001000
2 0.715266 0.460201 0.166878 0.001000
4 0.769578 0.460201 0.030222 0.001000
5 0.948720 0.460214 0.042924 0.001000
2 0.697308 0.569050 0.170820 0.001000
3 0.613650 0.569050 0.079716 0.001000
4 0.726654 0.569050 0.022776 0.001000
7 0.681540 0.569050 0.029784 0.001000
5 0.965364 0.569050 0.014892 0.001000
