0 0.083500 0.038000 0.113000 0.014000
0 0.073000 0.089500 0.092000 0.017000
0 0.054000 0.143500 0.054000 0.015000
0 0.247000 0.162000 0.440000 0.014000
0 0.247000 0.179500 0.440000 0.015000
0 0.247000 0.197000 0.440000 0.014000
0 0.247000 0.214000 0.440000 0.014000
0 0.247000 0.231500 0.440000 0.015000
0 0.070500 0.267500 0.087000 0.015000
0 0.247000 0.285000 0.440000 0.014000
0 0.247000 0.302500 0.440000 0.015000
0 0.247000 0.320000 0.440000 0.014000
0 0.247000 0.338500 0.440000 0.015000
0 0.081500 0.392000 0.109000 0.014000
0 0.247000 0.409500 0.440000 0.015000
0 0.059500 0.460500 0.065000 0.017000
0 0.132500 0.497000 0.211000 0.014000
0 0.247000 0.514500 0.440000 0.015000
0 0.066000 0.549500 0.078000 0.017000
0 0.055000 0.585500 0.056000 0.015000
0 0.247000 0.603000 0.440000 0.014000
0 0.247000 0.620500 0.440000 0.015000
0 0.071000 0.656500 0.088000 0.015000
0 0.247000 0.674000 0.440000 0.014000
0 0.247000 0.691000 0.440000 0.014000
0 0.247000 0.709000 0.440000 0.014000
0 0.247000 0.726000 0.440000 0.014000
0 0.247000 0.744000 0.440000 0.014000
0 0.247000 0.761500 0.440000 0.015000
0 0.076500 0.798000 0.099000 0.014000
0 0.247000 0.815000 0.440000 0.014000
0 0.247000 0.833000 0.440000 0.014000
0 0.247000 0.850000 0.440000 0.014000
0 0.247000 0.868000 0.440000 0.014000
0 0.247000 0.885000 0.440000 0.014000
0 0.247000 0.903000 0.440000 0.014000
0 0.556500 0.033500 0.055000 0.013000
0 0.608500 0.089500 0.159000 0.017000
0 0.578000 0.140000 0.098000 0.014000
0 0.750000 0.165500 0.442000 0.015000
0 0.750000 0.190500 0.442000 0.015000
0 0.750000 0.215500 0.442000 0.015000
0 0.750000 0.240500 0.442000 0.015000
0 0.750000 0.265500 0.442000 0.015000
0 0.561500 0.317000 0.065000 0.014000
0 0.750000 0.341500 0.442000 0.015000
0 0.750000 0.366500 0.442000 0.015000
0 0.750000 0.392500 0.442000 0.015000
0 0.606000 0.460500 0.154000 0.017000
0 0.750000 0.487500 0.442000 0.015000
0 0.582500 0.556500 0.107000 0.017000
0 0.750000 0.582500 0.442000 0.015000
0 0.750000 0.607500 0.442000 0.015000
0 0.750000 0.632500 0.442000 0.015000
2 0.054000 0.143176 0.050746 0.011071
2 0.157680 0.161706 0.141680 0.001000
4 0.217080 0.161706 0.036960 0.001000
5 0.451160 0.161706 0.020680 0.001000
3 0.111920 0.179485 0.104720 0.001000
2 0.201240 0.179470 0.137720 0.001000
4 0.261960 0.179485 0.027280 0.001000
10 0.281320 0.179470 0.025520 0.001000
5 0.448960 0.179455 0.029040 0.001000
2 0.145800 0.193080 0.101200 0.001000
4 0.181000 0.193080 0.017600 0.001000
5 0.449400 0.193080 0.017600 0.001000
2 0.122920 0.213706 0.216480 0.001000
3 0.057800 0.213706 0.043120 0.001000
4 0.193760 0.213706 0.023760 0.001000
5 0.442800 0.213706 0.014080 0.001000
2 0.247440 0.231590 0.204160 0.001125
3 0.093880 0.231590 0.063360 0.001125
7 0.162520 0.231590 0.069520 0.001125
4 0.224120 0.231590 0.019800 0.001125
5 0.435760 0.231590 0.051480 0.001125
2 0.070500 0.267500 0.084825 0.010005
3 0.131280 0.282676 0.113960 0.001000
4 0.175720 0.282676 0.020680 0.001000
5 0.447640 0.282676 0.019800 0.001000
3 0.140520 0.302290 0.096800 0.001000
2 0.206080 0.302320 0.088880 0.001000
4 0.243040 0.302320 0.025960 0.001000
5 0.450280 0.302305 0.018480 0.001000
2 0.131720 0.319944 0.080520 0.012642
4 0.199920 0.319944 0.055000 0.012642
5 0.445440 0.319944 0.040920 0.012642
3 0.080240 0.338260 0.049280 0.001000
2 0.160320 0.338275 0.128040 0.001000
4 0.228080 0.338290 0.034760 0.001000
5 0.442360 0.338305 0.029920 0.001000
2 0.081391 0.391916 0.086982 0.006622
7 0.104826 0.391916 0.030520 0.006622
2 0.207400 0.409485 0.221760 0.001000
3 0.095640 0.409485 0.103840 0.001000
4 0.234680 0.409485 0.026400 0.001000
5 0.456880 0.409485 0.019360 0.001000
2 0.059500 0.460500 0.049111 0.010045
2 0.133766 0.497112 0.204037 0.006258
2 0.140520 0.516600 0.086240 0.001440
4 0.178800 0.516600 0.031680 0.001440
5 0.441920 0.516600 0.035200 0.001440
7 0.066078 0.549500 0.076830 0.016133
2 0.055000 0.585470 0.042336 0.011250
2 0.193320 0.602762 0.138600 0.001000
4 0.283080 0.602762 0.027720 0.001000
7 0.237760 0.602762 0.044440 0.001000
10 0.451600 0.603014 0.018040 0.001000
3 0.094760 0.620875 0.068200 0.001000
2 0.203880 0.620905 0.173800 0.001000
4 0.295400 0.620905 0.018480 0.001000
5 0.448520 0.620920 0.031240 0.001000
7 0.172640 0.620890 0.025960 0.001000
11 0.255800 0.620905 0.036520 0.001000
2 0.071000 0.656500 0.078222 0.008438
2 0.220160 0.674084 0.177760 0.001000
3 0.083320 0.674084 0.044880 0.001000
4 0.290120 0.674084 0.024640 0.001000
5 0.444560 0.674140 0.019360 0.001000
7 0.191560 0.674084 0.089760 0.001000
3 0.104440 0.691224 0.077440 0.001000
2 0.269000 0.691238 0.144760 0.001000
4 0.324880 0.691238 0.027720 0.001000
5 0.443240 0.691280 0.034760 0.001000
7 0.231160 0.691238 0.093720 0.001000
2 0.152400 0.709000 0.081400 0.001000
4 0.192880 0.709000 0.020680 0.001000
7 0.152400 0.709000 0.127600 0.001000
5 0.445880 0.709000 0.024200 0.001000
2 0.170440 0.725552 0.218240 0.001000
3 0.093000 0.725538 0.078320 0.001000
4 0.269880 0.725552 0.023760 0.001000
5 0.444120 0.725566 0.043120 0.001000
7 0.223240 0.725552 0.046640 0.001000
3 0.102429 0.743767 0.098686 0.001000
2 0.270886 0.743767 0.223143 0.001000
4 0.213057 0.743767 0.032686 0.001000
5 0.440600 0.743767 0.027657 0.001000
7 0.157114 0.743767 0.114400 0.001000
2 0.238200 0.763525 0.299200 0.001000
4 0.282640 0.763525 0.024640 0.001000
5 0.451600 0.763525 0.023320 0.001000
7 0.191560 0.763525 0.091080 0.001000
11 0.308160 0.763525 0.033000 0.001000
2 0.076500 0.797986 0.090486 0.009352
3 0.091680 0.815000 0.064240 0.001162
2 0.135240 0.815000 0.195800 0.001162
6 0.274720 0.815000 0.111320 0.001162
7 0.356120 0.815000 0.080960 0.001162
4 0.412880 0.815000 0.039160 0.001162
5 0.444120 0.815000 0.045320 0.001162
2 0.187600 0.831586 0.198440 0.001064
3 0.074960 0.831642 0.037400 0.001000
4 0.212240 0.831642 0.018040 0.001000
7 0.274280 0.831670 0.064680 0.001000
5 0.450280 0.831642 0.015400 0.001000
2 0.188920 0.849860 0.164120 0.001000
4 0.233360 0.849860 0.014520 0.001000
7 0.256680 0.849860 0.027280 0.001000
5 0.443240 0.849860 0.021560 0.001000
3 0.108400 0.867650 0.135960 0.001000
2 0.216200 0.867650 0.093720 0.001000
7 0.292320 0.867650 0.061600 0.001000
4 0.322240 0.867650 0.019360 0.001000
5 0.440600 0.867650 0.025960 0.001000
3 0.112360 0.885434 0.080520 0.001232
2 0.181000 0.885448 0.055440 0.001218
7 0.238200 0.885448 0.031240 0.001218
4 0.269880 0.885448 0.022000 0.001218
10 0.290120 0.885434 0.015400 0.001232
5 0.444120 0.885448 0.024200 0.001218
2 0.150640 0.897064 0.178640 0.001000
4 0.236880 0.897064 0.041800 0.001000
5 0.440600 0.897064 0.031240 0.001000
2 0.610090 0.089160 0.147870 0.013260
4 0.577902 0.140028 0.089082 0.006692
2 0.651876 0.165410 0.133484 0.001000
11 0.699612 0.165410 0.042432 0.001000
5 0.948016 0.165410 0.025194 0.001000
2 0.668672 0.194910 0.179452 0.002490
5 0.951110 0.194670 0.039780 0.003075
2 0.745138 0.215515 0.256360 0.001000
3 0.599720 0.215515 0.106080 0.001000
5 0.951994 0.215515 0.037570 0.001000
11 0.677070 0.215515 0.038454 0.001000
2 0.704916 0.244685 0.205972 0.001000
5 0.933872 0.244685 0.037570 0.001000
2 0.655412 0.265410 0.156468 0.001000
11 0.711546 0.265410 0.067626 0.001000
5 0.944480 0.265410 0.024752 0.001000
2 0.635522 0.338170 0.155142 0.001000
4 0.709336 0.338170 0.023868 0.001000
5 0.944038 0.338170 0.026520 0.001000
2 0.688562 0.366650 0.198016 0.002970
4 0.780498 0.366650 0.033592 0.002970
5 0.947132 0.366650 0.032708 0.002970
2 0.643036 0.393040 0.144976 0.001215
4 0.709336 0.393040 0.035802 0.001215
5 0.952878 0.393040 0.035802 0.001215
2 0.606000 0.460500 0.120313 0.004533
2 0.656296 0.482040 0.183872 0.001000
4 0.807018 0.482040 0.022100 0.001000
7 0.739392 0.482040 0.067184 0.001000
10 0.823814 0.482040 0.018564 0.001000
5 0.952436 0.482040 0.018564 0.001000
2 0.582286 0.555650 0.087312 0.007344
2 0.632649 0.582500 0.048841 0.001108
4 0.701159 0.582500 0.023205 0.001108
7 0.650329 0.582500 0.098787 0.001108
10 0.947353 0.582500 0.023647 0.001108
3 0.658064 0.607500 0.144976 0.001000
4 0.758840 0.607500 0.025636 0.001000
7 0.726132 0.607500 0.067184 0.001000
5 0.943596 0.607500 0.054366 0.001000
3 0.609002 0.632500 0.150280 0.001000
7 0.686352 0.632500 0.108732 0.001000
4 0.750442 0.632500 0.031382 0.001000
10 0.797294 0.632500 0.018564 0.001000
5 0.951994 0.632500 0.019006 0.001000
