0 0.235500 0.082000 0.073000 0.020000
0 0.060500 0.129000 0.065000 0.014000
0 0.247500 0.150500 0.439000 0.013000
0 0.247500 0.172500 0.439000 0.013000
0 0.247500 0.193500 0.439000 0.013000
0 0.247500 0.215500 0.439000 0.013000
0 0.065500 0.258000 0.075000 0.014000
0 0.248500 0.279500 0.441000 0.013000
0 0.248500 0.301500 0.441000 0.013000
0 0.248500 0.322500 0.441000 0.013000
0 0.049000 0.365000 0.042000 0.014000
0 0.248500 0.386500 0.441000 0.013000
0 0.075500 0.429000 0.095000 0.014000
0 0.248500 0.450500 0.441000 0.013000
0 0.062500 0.494000 0.069000 0.014000
0 0.248500 0.515500 0.441000 0.013000
0 0.248500 0.537500 0.441000 0.013000
0 0.248500 0.558500 0.441000 0.013000
0 0.248500 0.579500 0.441000 0.013000
0 0.248500 0.601500 0.441000 0.013000
0 0.248500 0.622500 0.441000 0.013000
0 0.248500 0.644500 0.441000 0.013000
0 0.248500 0.665500 0.441000 0.013000
0 0.248500 0.686500 0.441000 0.013000
0 0.248500 0.708500 0.441000 0.013000
0 0.248500 0.729500 0.441000 0.013000
0 0.248500 0.751500 0.441000 0.013000
0 0.751500 0.082000 0.103000 0.020000
0 0.751500 0.153000 0.395000 0.044000
0 0.751500 0.213500 0.395000 0.045000
0 0.751500 0.274000 0.395000 0.044000
0 0.751500 0.334000 0.395000 0.044000
0 0.751500 0.394000 0.395000 0.044000
0 0.751500 0.453000 0.395000 0.044000
0 0.751500 0.513000 0.395000 0.044000
0 0.751500 0.572000 0.395000 0.044000
0 0.751500 0.646000 0.395000 0.044000
0 0.751500 0.706000 0.395000 0.044000
0 0.751500 0.766000 0.395000 0.044000
0 0.761500 0.812000 0.251000 0.020000
0 0.751500 0.857000 0.395000 0.044000
0 0.751500 0.917000 0.395000 0.044000
2 0.060500 0.129000 0.062878 0.009882
2 0.074534 0.150500 0.110189 0.001000
5 0.437587 0.150500 0.046095 0.001000
2 0.155749 0.172500 0.254620 0.004329
5 0.438465 0.172500 0.054436 0.004329
2 0.157066 0.193500 0.169015 0.001625
5 0.441099 0.193500 0.039949 0.001625
2 0.167602 0.215448 0.164625 0.001000
5 0.444611 0.215565 0.037315 0.001000
2 0.136486 0.279721 0.137592 0.001000
4 0.185437 0.279721 0.052038 0.001000
5 0.440776 0.279721 0.052038 0.001000
2 0.126343 0.301448 0.171108 0.001000
4 0.208810 0.301448 0.052038 0.001000
5 0.443422 0.301448 0.050715 0.001000
2 0.102088 0.322500 0.148617 0.002496
4 0.143983 0.322500 0.048510 0.002496
5 0.445627 0.322500 0.038367 0.002639
2 0.172648 0.386487 0.147294 0.001000
4 0.225127 0.386487 0.041013 0.001000
5 0.448714 0.386474 0.039690 0.001000
2 0.075500 0.429000 0.093100 0.009940
2 0.076951 0.450461 0.101430 0.001989
5 0.441217 0.450461 0.044982 0.001989
2 0.062500 0.494000 0.063264 0.009240
2 0.122374 0.514980 0.182574 0.001040
4 0.209251 0.514980 0.063063 0.001040
5 0.435925 0.514980 0.064386 0.001040
2 0.175294 0.537097 0.257103 0.001000
4 0.226891 0.537149 0.027783 0.001000
5 0.445627 0.537045 0.032634 0.001000
2 0.203518 0.558448 0.193599 0.001092
5 0.441658 0.558448 0.051156 0.001092
2 0.149275 0.579448 0.173313 0.001000
4 0.241003 0.579461 0.024255 0.001000
5 0.446068 0.579448 0.038808 0.001000
2 0.156331 0.601344 0.197127 0.001000
4 0.230860 0.601344 0.026460 0.001000
5 0.431956 0.601357 0.037926 0.001000
2 0.137368 0.622643 0.154350 0.001014
4 0.181027 0.622643 0.032634 0.001014
5 0.438130 0.622526 0.041454 0.001014
2 0.121051 0.644656 0.247401 0.002184
4 0.220717 0.644656 0.028665 0.002184
5 0.425341 0.644656 0.055566 0.002184
2 0.126343 0.665487 0.119070 0.001000
4 0.188083 0.665487 0.037485 0.001000
5 0.446068 0.665461 0.045864 0.001000
2 0.099001 0.686487 0.204183 0.001000
4 0.187201 0.686487 0.032634 0.001000
5 0.446950 0.686487 0.033516 0.001000
2 0.131194 0.708500 0.184338 0.002171
4 0.183232 0.708500 0.048510 0.002171
5 0.437248 0.708500 0.063504 0.002171
2 0.140014 0.729474 0.123480 0.001000
4 0.199108 0.729474 0.063063 0.001000
5 0.441658 0.729474 0.055125 0.001000
2 0.175294 0.751435 0.122598 0.001144
3 0.081361 0.751435 0.087318 0.001144
4 0.162064 0.751435 0.026460 0.001144
5 0.442099 0.751448 0.047628 0.001209
2 0.751500 0.137644 0.095195 0.002288
6 0.751500 0.146268 0.142595 0.002288
4 0.751500 0.152472 0.015800 0.002288
2 0.751105 0.196895 0.122450 0.001980
8 0.751105 0.213680 0.338910 0.001980
4 0.751105 0.223805 0.013035 0.001395
2 0.751105 0.255388 0.206980 0.003432
8 0.752290 0.261856 0.373275 0.002904
4 0.750315 0.267312 0.017775 0.001452
2 0.751500 0.375080 0.180910 0.002112
8 0.751500 0.379436 0.304150 0.002112
4 0.751500 0.383352 0.015800 0.001672
2 0.749920 0.434168 0.179330 0.002816
8 0.751895 0.438216 0.292300 0.001716
5 0.751105 0.442000 0.015010 0.001980
2 0.771645 0.494344 0.124425 0.002112
8 0.749920 0.502836 0.220805 0.001848
4 0.750315 0.506400 0.011060 0.001584
2 0.770065 0.554268 0.113365 0.002948
8 0.752685 0.565796 0.314815 0.004576
8 0.752685 0.568392 0.184465 0.001892
2 0.751500 0.626244 0.142595 0.002332
8 0.752685 0.645032 0.372485 0.003212
5 0.751105 0.662148 0.015405 0.002508
2 0.746760 0.688664 0.161555 0.002728
3 0.705285 0.704064 0.105070 0.001188
8 0.772435 0.704064 0.199870 0.001188
5 0.746760 0.709520 0.014220 0.001364
2 0.750315 0.750512 0.212115 0.003476
8 0.750315 0.764768 0.287955 0.001892
5 0.750315 0.775680 0.014615 0.001892
2 0.751500 0.838652 0.112970 0.003476
8 0.751500 0.854228 0.311260 0.002244
5 0.751500 0.875348 0.018960 0.002112
2 0.753475 0.898124 0.194735 0.002420
8 0.751895 0.902964 0.251615 0.001672
5 0.752685 0.906440 0.013035 0.001100
