0 0.206000 0.102000 0.120000 0.018000
0 0.491500 0.153000 0.691000 0.014000
0 0.491500 0.172000 0.691000 0.014000
0 0.491500 0.191000 0.691000 0.014000
0 0.491500 0.209000 0.691000 0.014000
0 0.491500 0.228000 0.691000 0.014000
0 0.491500 0.246000 0.691000 0.014000
0 0.491500 0.265000 0.691000 0.014000
0 0.268500 0.305000 0.245000 0.018000
0 0.489500 0.358000 0.687000 0.014000
0 0.491500 0.376000 0.691000 0.014000
0 0.491500 0.395000 0.691000 0.014000
0 0.491500 0.414000 0.691000 0.014000
0 0.491500 0.433000 0.691000 0.014000
0 0.491500 0.451000 0.691000 0.014000
0 0.193500 0.492000 0.095000 0.018000
0 0.489500 0.545000 0.687000 0.014000
0 0.489500 0.564000 0.687000 0.014000
0 0.489500 0.582000 0.687000 0.014000
0 0.491500 0.601000 0.691000 0.014000
0 0.259500 0.650000 0.227000 0.018000
0 0.489500 0.704000 0.687000 0.014000
0 0.491500 0.723000 0.691000 0.014000
0 0.491500 0.741000 0.691000 0.014000
0 0.491500 0.760000 0.691000 0.014000
0 0.491500 0.779000 0.691000 0.014000
0 0.491500 0.797000 0.691000 0.014000
0 0.491500 0.816000 0.691000 0.014000
0 0.491500 0.834000 0.691000 0.014000
0 0.491500 0.853000 0.691000 0.014000
0 0.491500 0.871000 0.691000 0.014000
2 0.280054 0.153854 0.316478 0.001000
6 0.347081 0.153854 0.096740 0.001000
3 0.462478 0.153854 0.143037 0.001000
7 0.620026 0.153854 0.204536 0.001000
4 0.640065 0.153854 0.036623 0.001000
5 0.814197 0.153854 0.044915 0.001000
3 0.254487 0.172028 0.128526 0.001000
2 0.389232 0.172028 0.134054 0.001000
7 0.541252 0.172028 0.295748 0.001000
4 0.550926 0.172028 0.031786 0.001000
5 0.799686 0.172028 0.052516 0.001000
2 0.395451 0.186478 0.154093 0.001000
3 0.213027 0.186478 0.124380 0.001000
4 0.664941 0.186478 0.025567 0.001000
7 0.476989 0.186478 0.181042 0.001000
5 0.805214 0.186478 0.026258 0.001000
3 0.211645 0.208986 0.118161 0.001000
2 0.394760 0.208986 0.288838 0.001000
7 0.555763 0.208986 0.140273 0.001000
4 0.632464 0.208986 0.023494 0.001000
5 0.803141 0.208986 0.033859 0.001000
3 0.257251 0.228112 0.114015 0.001000
2 0.336025 0.228112 0.044224 0.001000
7 0.459023 0.228112 0.196244 0.001000
4 0.591695 0.228112 0.035932 0.001000
5 0.794849 0.228182 0.039387 0.001000
2 0.379558 0.245958 0.241850 0.001000
3 0.207499 0.245972 0.107105 0.001000
4 0.553690 0.245944 0.045606 0.001000
5 0.803832 0.246056 0.055280 0.001000
7 0.404434 0.245958 0.324770 0.001000
2 0.287655 0.263544 0.179660 0.002912
4 0.387850 0.263544 0.053898 0.002912
5 0.807287 0.263712 0.059426 0.002688
2 0.265343 0.304783 0.227724 0.010107
2 0.369962 0.358000 0.190986 0.001750
6 0.333551 0.358000 0.085188 0.001750
7 0.474386 0.358000 0.266556 0.001750
4 0.576062 0.358000 0.043281 0.001750
5 0.810329 0.358000 0.045342 0.001750
2 0.408580 0.375860 0.161694 0.001000
3 0.248268 0.375860 0.074628 0.001000
4 0.587549 0.375860 0.022112 0.001000
5 0.814197 0.375860 0.022112 0.001000
7 0.482517 0.375860 0.140964 0.001000
2 0.409271 0.394916 0.275709 0.001000
3 0.291801 0.394916 0.117470 0.001000
4 0.483208 0.394916 0.031095 0.001000
7 0.418254 0.394916 0.064954 0.001000
5 0.805905 0.394916 0.039387 0.001000
2 0.318750 0.414000 0.267762 0.001089
6 0.413763 0.414000 0.051825 0.001089
7 0.478544 0.414000 0.133881 0.001089
4 0.526050 0.414000 0.034550 0.001089
5 0.789494 0.414000 0.047506 0.001089
3 0.257942 0.433000 0.104341 0.001000
2 0.368502 0.433000 0.051134 0.001000
7 0.463860 0.433000 0.196935 0.001000
4 0.677379 0.433000 0.034550 0.001000
5 0.807978 0.433000 0.054589 0.001000
2 0.324969 0.449572 0.282619 0.002758
3 0.230302 0.449572 0.096740 0.002758
6 0.472152 0.449614 0.060117 0.002702
7 0.549544 0.449558 0.140273 0.002758
4 0.689817 0.449586 0.048370 0.002758
5 0.799686 0.449628 0.070482 0.002702
2 0.193500 0.492000 0.092066 0.016311
7 0.389885 0.545000 0.297471 0.001526
4 0.464768 0.545000 0.047403 0.001526
5 0.808955 0.545000 0.047403 0.001526
3 0.306071 0.564112 0.212283 0.001134
2 0.396068 0.564112 0.123660 0.001134
7 0.522476 0.564112 0.131217 0.001134
4 0.655067 0.564112 0.049464 0.001134
5 0.802772 0.564238 0.029541 0.001000
3 0.309506 0.581930 0.127782 0.001000
2 0.400877 0.581902 0.103050 0.001000
7 0.474386 0.581944 0.087249 0.001000
4 0.459959 0.581930 0.040533 0.001000
5 0.789032 0.581944 0.062517 0.001000
3 0.293183 0.601112 0.218356 0.001330
2 0.484590 0.601112 0.172750 0.001330
7 0.599296 0.601112 0.114706 0.001330
4 0.646975 0.601112 0.035932 0.001330
5 0.804523 0.601112 0.029022 0.001330
3 0.275156 0.704000 0.079005 0.001000
2 0.348665 0.704000 0.084501 0.001000
7 0.462020 0.704000 0.171063 0.001000
4 0.541712 0.704000 0.040533 0.001000
5 0.786971 0.704000 0.033663 0.001000
3 0.273144 0.723406 0.223884 0.001000
4 0.570274 0.723406 0.039387 0.001000
5 0.807978 0.723420 0.042842 0.001000
7 0.472843 0.723406 0.092594 0.001000
3 0.329806 0.739250 0.335826 0.002492
7 0.557836 0.739250 0.207991 0.002492
4 0.631082 0.739250 0.040769 0.002492
5 0.799686 0.739250 0.044224 0.002492
3 0.224774 0.760126 0.099504 0.001106
2 0.336716 0.760126 0.114015 0.001106
7 0.432765 0.760126 0.212137 0.001106
4 0.485972 0.760126 0.035932 0.001106
5 0.806596 0.760126 0.060808 0.001106
2 0.318750 0.779000 0.082920 0.001260
6 0.401670 0.779000 0.082920 0.001260
7 0.546780 0.779000 0.214210 0.001260
4 0.705710 0.779000 0.055280 0.001260
5 0.788630 0.779000 0.062190 0.001260
2 0.260706 0.797000 0.359320 0.001000
3 0.207499 0.797000 0.100886 0.001000
7 0.364356 0.797000 0.208682 0.001000
4 0.507393 0.797000 0.034550 0.001000
5 0.800377 0.796930 0.041460 0.001000
3 0.230993 0.816042 0.100195 0.001000
2 0.337407 0.816042 0.096740 0.001000
7 0.417563 0.816042 0.238395 0.001000
4 0.476989 0.816042 0.040769 0.001000
5 0.816270 0.816042 0.033859 0.001000
2 0.407198 0.834126 0.130599 0.001000
3 0.273835 0.834126 0.099504 0.001000
4 0.626936 0.834126 0.024185 0.001000
5 0.803832 0.834126 0.033168 0.001000
7 0.501174 0.834126 0.122307 0.001000
2 0.412035 0.847498 0.251524 0.001000
3 0.227538 0.847498 0.184497 0.001000
4 0.642138 0.847498 0.040769 0.001000
5 0.792776 0.847498 0.044224 0.001000
7 0.508084 0.847498 0.131981 0.001000
11 0.472152 0.847498 0.105032 0.001000
3 0.213027 0.871000 0.094667 0.001064
2 0.351918 0.871000 0.254288 0.001064
7 0.541943 0.871000 0.152711 0.001064
4 0.665632 0.871000 0.144419 0.001064
5 0.814888 0.871000 0.043533 0.001064
