0 0.301500 0.594500 0.311000 0.027000
1 0.502000 0.102500 0.394000 0.017000
1 0.188000 0.153000 0.084000 0.016000
1 0.170500 0.279000 0.049000 0.016000
1 0.587000 0.153000 0.088000 0.016000
1 0.515500 0.394500 0.409000 0.017000
1 0.167500 0.450000 0.043000 0.016000
1 0.169000 0.546000 0.046000 0.016000
1 0.237500 0.640000 0.183000 0.016000
1 0.234500 0.818500 0.177000 0.017000
1 0.611000 0.450000 0.136000 0.016000
1 0.621000 0.625500 0.156000 0.017000
2 0.244587 0.585725 0.138395 0.001512
3 0.178033 0.585725 0.026746 0.001512
5 0.443627 0.585725 0.013373 0.001512
7 0.216286 0.589910 0.083348 0.001512
6 0.234324 0.585725 0.069353 0.001512
