0 0.220500 0.170500 0.149000 0.019000
0 0.291500 0.311000 0.291000 0.018000
0 0.489500 0.215000 0.687000 0.014000
0 0.489500 0.234000 0.687000 0.014000
0 0.491500 0.252000 0.691000 0.014000
0 0.491500 0.270500 0.691000 0.013000
0 0.460000 0.354500 0.628000 0.013000
0 0.460000 0.373500 0.628000 0.013000
0 0.460000 0.391500 0.628000 0.013000
0 0.460000 0.410500 0.628000 0.013000
2 0.285680 0.310820 0.226980 0.009900
3 0.326420 0.311000 0.104760 0.009900
2 0.298856 0.214963 0.315956 0.001000
7 0.380873 0.214963 0.199682 0.001000
9 0.756928 0.214963 0.032140 0.001000
5 0.793226 0.214963 0.032140 0.001000
2 0.401564 0.233986 0.320829 0.001000
3 0.268286 0.233972 0.100989 0.001000
7 0.560261 0.233972 0.228084 0.001000
5 0.760178 0.233972 0.073509 0.001000
2 0.301475 0.251650 0.124380 0.001000
3 0.362283 0.251650 0.140964 0.001000
7 0.494264 0.251650 0.163076 0.001000
5 0.765827 0.251650 0.066336 0.001000
2 0.383704 0.270513 0.377286 0.001000
3 0.210954 0.270513 0.046297 0.001000
7 0.579257 0.270513 0.121616 0.001000
5 0.745097 0.270513 0.051825 0.001000
5 0.803832 0.270513 0.058044 0.001000
3 0.195612 0.354474 0.106760 0.001000
2 0.350728 0.354474 0.282600 0.001000
5 0.752020 0.354448 0.027004 0.001000
3 0.253874 0.373402 0.162065 0.004473
2 0.471142 0.373402 0.253226 0.004473
5 0.746145 0.373402 0.055710 0.004473
2 0.458116 0.391552 0.254968 0.003640
4 0.280392 0.391591 0.091060 0.003588
5 0.741344 0.391526 0.065312 0.003692
3 0.255900 0.409967 0.107388 0.001066
2 0.470048 0.409993 0.183376 0.001066
4 0.316816 0.409967 0.081012 0.001066
5 0.748252 0.409967 0.026376 0.001066
