0 0.250500 0.103000 0.209000 0.018000
0 0.206000 0.153000 0.120000 0.014000
0 0.489000 0.178000 0.686000 0.012000
0 0.491000 0.195000 0.690000 0.012000
0 0.491000 0.211000 0.690000 0.012000
0 0.491000 0.228000 0.690000 0.012000
0 0.491000 0.245000 0.690000 0.012000
0 0.491000 0.261000 0.690000 0.012000
0 0.491000 0.278000 0.690000 0.012000
0 0.491000 0.294000 0.690000 0.012000
0 0.491000 0.311000 0.690000 0.012000
0 0.491000 0.328000 0.690000 0.012000
0 0.491000 0.344000 0.690000 0.012000
0 0.491000 0.361000 0.690000 0.012000
0 0.491000 0.378000 0.690000 0.012000
0 0.491000 0.394000 0.690000 0.012000
0 0.491000 0.411000 0.690000 0.012000
0 0.491000 0.427000 0.690000 0.012000
0 0.491000 0.444000 0.690000 0.012000
0 0.491000 0.460000 0.690000 0.012000
0 0.491000 0.477000 0.690000 0.012000
0 0.491000 0.494000 0.690000 0.012000
0 0.491000 0.510000 0.690000 0.012000
0 0.491000 0.527000 0.690000 0.012000
0 0.491000 0.543000 0.690000 0.012000
0 0.491000 0.560000 0.690000 0.012000
0 0.491000 0.577000 0.690000 0.012000
0 0.491000 0.593000 0.690000 0.012000
0 0.491000 0.610000 0.690000 0.012000
0 0.491000 0.627000 0.690000 0.012000
0 0.491000 0.644000 0.690000 0.012000
0 0.196000 0.675000 0.100000 0.016000
0 0.491000 0.719000 0.690000 0.012000
0 0.491000 0.736000 0.690000 0.012000
0 0.491000 0.753000 0.690000 0.012000
0 0.491000 0.770000 0.690000 0.012000
0 0.491000 0.787000 0.690000 0.012000
0 0.491000 0.804000 0.690000 0.012000
0 0.491000 0.820000 0.690000 0.012000
0 0.491000 0.837000 0.690000 0.012000
0 0.491000 0.854000 0.690000 0.012000
0 0.491000 0.870000 0.690000 0.012000
0 0.491000 0.887000 0.690000 0.012000
0 0.491000 0.904000 0.690000 0.012000
2 0.250270 0.102550 0.196105 0.011101
7 0.206000 0.153000 0.117600 0.011620
3 0.316128 0.177748 0.288120 0.001000
7 0.398448 0.177748 0.155722 0.001000
4 0.502034 0.177748 0.029498 0.001000
10 0.805246 0.177748 0.028812 0.001000
2 0.269510 0.195000 0.136620 0.001000
7 0.352310 0.195000 0.223560 0.001000
4 0.427520 0.195000 0.040020 0.001000
5 0.800120 0.194988 0.071760 0.001000
2 0.398540 0.206632 0.304980 0.001000
3 0.195680 0.206632 0.146280 0.001000
7 0.555860 0.206632 0.235290 0.001000
4 0.609680 0.206632 0.071760 0.001000
5 0.795980 0.206632 0.071760 0.001000
2 0.410960 0.227580 0.425040 0.001000
3 0.241220 0.227592 0.169740 0.001000
4 0.494450 0.227592 0.037950 0.001000
5 0.813920 0.227628 0.048300 0.001000
7 0.390260 0.227592 0.226320 0.001000
2 0.299180 0.245000 0.093840 0.001000
7 0.385430 0.245000 0.191130 0.001000
4 0.426140 0.245000 0.030360 0.001000
5 0.809090 0.244892 0.036570 0.001000
3 0.247430 0.260976 0.115920 0.010884
7 0.368180 0.260976 0.266340 0.010884
4 0.443390 0.260976 0.057960 0.010884
5 0.803570 0.260976 0.064860 0.010884
2 0.288830 0.277904 0.096600 0.001000
7 0.399230 0.277928 0.254610 0.001000
4 0.467540 0.277928 0.042780 0.001000
5 0.798740 0.277904 0.055890 0.001000
2 0.361970 0.294000 0.306360 0.001500
7 0.515150 0.294000 0.185610 0.001500
4 0.531710 0.294000 0.092460 0.001500
5 0.799430 0.294000 0.073140 0.001500
3 0.308150 0.311000 0.099360 0.001000
7 0.414410 0.311000 0.198030 0.001000
4 0.494450 0.311000 0.032430 0.001000
5 0.813230 0.311000 0.045540 0.001000
2 0.334370 0.328204 0.194580 0.001128
7 0.428210 0.328204 0.138690 0.001128
4 0.536540 0.328204 0.044160 0.001128
5 0.815300 0.328204 0.032430 0.001128
2 0.454430 0.343928 0.213210 0.001000
7 0.359900 0.343928 0.194580 0.001000
4 0.557930 0.343928 0.046920 0.001000
5 0.817370 0.343928 0.036570 0.001000
3 0.290210 0.360916 0.211140 0.001000
2 0.530330 0.360916 0.104880 0.001000
7 0.617960 0.360916 0.218040 0.001000
4 0.718700 0.360916 0.045540 0.001000
5 0.810470 0.360916 0.049680 0.001000
2 0.321260 0.378000 0.289110 0.001000
4 0.606920 0.378000 0.028290 0.001000
5 0.811850 0.378000 0.047610 0.001000
7 0.472370 0.378000 0.173880 0.001000
2 0.297800 0.393352 0.287730 0.001452
7 0.417860 0.393352 0.235290 0.001452
4 0.481340 0.393352 0.066240 0.001452
5 0.798740 0.393352 0.060720 0.001452
3 0.251570 0.411036 0.203550 0.005748
7 0.404750 0.411036 0.218730 0.005748
4 0.475820 0.411036 0.072450 0.005748
5 0.793220 0.410988 0.077970 0.005796
3 0.273650 0.427120 0.211140 0.001000
4 0.646940 0.427120 0.052440 0.001000
5 0.778040 0.427120 0.073140 0.001000
7 0.457190 0.427120 0.190440 0.001000
2 0.308840 0.443952 0.084870 0.001000
3 0.194990 0.443952 0.098670 0.001000
7 0.403370 0.443952 0.211140 0.001000
4 0.505490 0.443952 0.026220 0.001000
5 0.807020 0.443952 0.026220 0.001000
2 0.393710 0.455236 0.451950 0.001000
3 0.231560 0.455248 0.114540 0.001000
4 0.649010 0.455248 0.041400 0.001000
5 0.796670 0.455236 0.040020 0.001000
7 0.472370 0.455248 0.164220 0.001000
2 0.261920 0.476736 0.144900 0.001000
7 0.405440 0.476736 0.313950 0.001000
4 0.508250 0.476736 0.055890 0.001000
5 0.777350 0.476820 0.107640 0.001020
2 0.349550 0.489020 0.233910 0.001000
4 0.462710 0.489008 0.036570 0.001000
7 0.405440 0.489032 0.197340 0.001000
5 0.811850 0.489020 0.040020 0.001000
2 0.370940 0.509868 0.234600 0.001000
6 0.239840 0.509868 0.094530 0.001000
7 0.450290 0.509868 0.110400 0.001000
4 0.488930 0.509868 0.026220 0.001000
5 0.807710 0.509868 0.027600 0.001000
2 0.380600 0.521840 0.253920 0.001000
3 0.266060 0.521840 0.112470 0.001000
7 0.506180 0.521828 0.165600 0.001000
4 0.551030 0.521840 0.027600 0.001000
5 0.790460 0.521804 0.051750 0.001000
2 0.471680 0.538944 0.247020 0.001000
3 0.198440 0.538944 0.083490 0.001000
4 0.631070 0.538956 0.116610 0.001000
7 0.455810 0.538944 0.177330 0.001000
5 0.802190 0.538956 0.058650 0.001000
3 0.281240 0.559880 0.282210 0.001000
7 0.514460 0.559880 0.173880 0.001000
4 0.579320 0.559880 0.053130 0.001000
5 0.794600 0.559880 0.040710 0.001000
3 0.315740 0.571732 0.224940 0.001000
2 0.482720 0.571720 0.101430 0.001000
7 0.588980 0.571720 0.186990 0.001000
4 0.700760 0.571708 0.048300 0.001000
5 0.817370 0.571756 0.046230 0.001000
2 0.421310 0.589052 0.432630 0.001116
3 0.196370 0.589052 0.104190 0.001116
4 0.657290 0.589052 0.038640 0.001116
5 0.811160 0.589052 0.037260 0.001116
7 0.459950 0.589052 0.239430 0.001116
2 0.388880 0.604864 0.261510 0.001000
3 0.201200 0.604864 0.106950 0.001000
4 0.606920 0.604864 0.033810 0.001000
5 0.804260 0.604876 0.028290 0.001000
6 0.470300 0.604876 0.133860 0.001000
7 0.534470 0.604876 0.185610 0.001000
2 0.355070 0.624564 0.278070 0.001212
3 0.232250 0.624564 0.124200 0.001212
7 0.477200 0.624564 0.214590 0.001212
4 0.514460 0.624564 0.048300 0.001212
5 0.815300 0.624564 0.034500 0.001212
2 0.353690 0.639176 0.182850 0.001000
3 0.235010 0.639212 0.104190 0.001000
7 0.415790 0.639212 0.186990 0.001000
4 0.531710 0.639176 0.044160 0.001000
5 0.811160 0.639416 0.033810 0.001000
2 0.196000 0.674543 0.099111 0.013714
2 0.361280 0.718988 0.196650 0.001000
7 0.457190 0.718988 0.097980 0.001000
4 0.486170 0.718988 0.035190 0.001000
5 0.819440 0.719000 0.036570 0.001000
2 0.326090 0.731632 0.231840 0.001000
3 0.235700 0.731632 0.089010 0.001000
4 0.517910 0.731632 0.028290 0.001000
5 0.811160 0.731632 0.035880 0.001000
7 0.416480 0.731632 0.104880 0.001000
11 0.380600 0.731632 0.037260 0.001000
2 0.458570 0.752412 0.356730 0.001000
3 0.268130 0.752412 0.169740 0.001000
4 0.474440 0.752412 0.040020 0.001000
5 0.802880 0.752412 0.032430 0.001000
7 0.377150 0.752412 0.096600 0.001000
2 0.344720 0.768632 0.264960 0.004020
3 0.210170 0.768656 0.106950 0.003948
4 0.372320 0.768656 0.034500 0.003948
7 0.321950 0.768656 0.057270 0.003972
5 0.789080 0.768980 0.046230 0.003312
2 0.316430 0.785152 0.269100 0.003444
4 0.428210 0.785152 0.052440 0.003444
7 0.373010 0.785152 0.054510 0.003444
5 0.804950 0.785152 0.045540 0.003444
2 0.318500 0.803508 0.239430 0.001000
3 0.226040 0.803508 0.089010 0.001000
4 0.439250 0.803508 0.030360 0.001000
7 0.354380 0.803508 0.064860 0.001000
5 0.800810 0.803508 0.035190 0.001000
2 0.307287 0.819880 0.197513 0.001000
3 0.219312 0.819880 0.086250 0.001000
7 0.360762 0.819880 0.060375 0.001000
4 0.453912 0.819880 0.031912 0.001000
5 0.808400 0.819880 0.027600 0.001000
2 0.340580 0.837000 0.242880 0.001000
3 0.248810 0.837000 0.121440 0.001000
4 0.384740 0.837000 0.028980 0.001000
5 0.802880 0.837000 0.033120 0.001000
7 0.331610 0.837000 0.077280 0.001000
2 0.313670 0.849488 0.336030 0.001152
3 0.182570 0.849476 0.094530 0.001164
4 0.446840 0.849476 0.052440 0.001164
5 0.811160 0.849452 0.046920 0.001164
7 0.379220 0.849476 0.133860 0.001164
11 0.324710 0.849476 0.082800 0.001164
2 0.296420 0.870000 0.264960 0.002880
3 0.228110 0.870000 0.069690 0.002880
7 0.368870 0.870000 0.095220 0.002880
4 0.459950 0.870000 0.071070 0.002880
5 0.805640 0.870000 0.037950 0.002880
2 0.306770 0.886676 0.227010 0.001000
3 0.190850 0.886676 0.115920 0.001000
4 0.385430 0.886676 0.040020 0.001000
7 0.308840 0.886676 0.079350 0.001000
10 0.803570 0.886676 0.058650 0.001000
2 0.327470 0.903880 0.169050 0.001000
3 0.193610 0.903880 0.069690 0.001000
4 0.406130 0.903880 0.039330 0.001000
5 0.814610 0.903880 0.032430 0.001000
7 0.286070 0.903880 0.073140 0.001000
