0 0.499500 0.102000 0.153000 0.018000
0 0.198000 0.171500 0.102000 0.017000
0 0.206500 0.227500 0.119000 0.015000
0 0.489500 0.251500 0.685000 0.013000
0 0.489500 0.270500 0.685000 0.013000
0 0.489500 0.288500 0.685000 0.013000
0 0.489500 0.307500 0.685000 0.013000
0 0.489500 0.325500 0.685000 0.013000
0 0.489500 0.344500 0.685000 0.013000
0 0.489500 0.362500 0.685000 0.013000
0 0.491500 0.381500 0.689000 0.013000
0 0.491500 0.399500 0.689000 0.013000
0 0.491500 0.418500 0.689000 0.013000
0 0.491500 0.437500 0.689000 0.013000
0 0.491500 0.455500 0.689000 0.013000
0 0.491500 0.474500 0.689000 0.013000
0 0.491500 0.493500 0.689000 0.013000
0 0.491500 0.511500 0.689000 0.013000
0 0.491500 0.530500 0.689000 0.013000
0 0.491500 0.548500 0.689000 0.013000
0 0.491500 0.567500 0.689000 0.013000
0 0.491500 0.586500 0.689000 0.013000
0 0.491500 0.604500 0.689000 0.013000
0 0.491500 0.623500 0.689000 0.013000
0 0.225000 0.651500 0.156000 0.015000
0 0.489500 0.677500 0.685000 0.013000
0 0.491500 0.695500 0.689000 0.013000
0 0.491500 0.714500 0.689000 0.013000
0 0.491500 0.732500 0.689000 0.013000
0 0.491500 0.751500 0.689000 0.013000
0 0.491500 0.769500 0.689000 0.013000
0 0.491500 0.788500 0.689000 0.013000
0 0.491500 0.807500 0.689000 0.013000
0 0.491500 0.825500 0.689000 0.013000
2 0.198000 0.171500 0.091596 0.011628
7 0.206500 0.227500 0.118524 0.012150
2 0.264135 0.249888 0.150700 0.001000
7 0.399765 0.249914 0.235640 0.001000
4 0.474430 0.249914 0.048635 0.001000
5 0.810080 0.249914 0.022605 0.001000
2 0.428535 0.270474 0.132890 0.001000
4 0.536765 0.270474 0.019865 0.001000
5 0.803230 0.270474 0.022605 0.001000
6 0.350445 0.270474 0.078775 0.001000
7 0.451825 0.270474 0.078090 0.001000
2 0.301810 0.288539 0.193855 0.001000
3 0.198375 0.288539 0.080830 0.001000
7 0.397710 0.288539 0.246600 0.001000
4 0.579920 0.288539 0.043155 0.001000
5 0.789530 0.288435 0.031510 0.001261
2 0.412780 0.307487 0.130150 0.001000
6 0.341540 0.307487 0.055485 0.001000
7 0.485390 0.307487 0.120560 0.001000
4 0.610745 0.307487 0.022605 0.001000
10 0.796380 0.307487 0.025345 0.001000
2 0.329210 0.325422 0.288385 0.001000
4 0.469635 0.325435 0.029455 0.001000
7 0.325100 0.325435 0.141110 0.001000
10 0.803230 0.325448 0.049320 0.001000
2 0.400450 0.340561 0.178100 0.001000
3 0.201115 0.340561 0.090420 0.001000
4 0.551150 0.340561 0.031510 0.001000
7 0.454565 0.340561 0.175360 0.001000
10 0.810080 0.340561 0.028770 0.001000
2 0.417575 0.361889 0.215775 0.001000
3 0.214130 0.361889 0.070555 0.001000
4 0.570330 0.361889 0.047265 0.001000
7 0.486760 0.361889 0.170565 0.001000
6 0.381955 0.361889 0.031510 0.001000
10 0.788160 0.361889 0.058910 0.001000
2 0.301336 0.381448 0.140556 0.001000
7 0.472208 0.381448 0.176384 0.001000
4 0.667884 0.381448 0.049608 0.001000
5 0.792593 0.381448 0.086125 0.001000
2 0.317183 0.394105 0.356902 0.001000
7 0.408131 0.394105 0.200499 0.001000
4 0.461873 0.394105 0.029627 0.001000
5 0.804306 0.394105 0.031005 0.001000
2 0.392973 0.416771 0.183963 0.001000
3 0.223479 0.416771 0.155025 0.001000
7 0.546620 0.416771 0.239772 0.001000
4 0.598984 0.416771 0.031694 0.001000
5 0.806373 0.416771 0.031694 0.001000
2 0.336475 0.437474 0.261131 0.001000
3 0.220723 0.437474 0.096460 0.001000
7 0.442581 0.437474 0.179829 0.001000
4 0.643080 0.437474 0.042718 0.001000
5 0.804306 0.437474 0.059254 0.001000
2 0.388150 0.455448 0.136422 0.001000
3 0.271709 0.455448 0.101972 0.001000
7 0.412265 0.455448 0.214279 0.001000
4 0.628611 0.455448 0.034450 0.001000
5 0.807751 0.455448 0.053053 0.001000
2 0.354389 0.474227 0.207389 0.001066
7 0.287556 0.474227 0.211523 0.001066
4 0.542486 0.474227 0.053742 0.001066
5 0.792593 0.474227 0.042029 0.001066
2 0.293068 0.493500 0.290758 0.001000
7 0.458428 0.493500 0.192920 0.001000
4 0.577625 0.493500 0.035139 0.001000
5 0.810507 0.493500 0.051675 0.001000
2 0.380571 0.511370 0.336921 0.001000
3 0.217967 0.511370 0.085436 0.001000
7 0.472208 0.511370 0.116441 0.001000
4 0.561778 0.511370 0.033072 0.001000
5 0.798105 0.511370 0.037895 0.001000
2 0.221412 0.530175 0.073034 0.001000
7 0.434313 0.530175 0.416845 0.001000
4 0.621721 0.530175 0.037895 0.001000
5 0.809129 0.530175 0.048919 0.001000
2 0.401241 0.548487 0.250107 0.001000
4 0.602429 0.548487 0.025493 0.001000
7 0.493567 0.548487 0.165360 0.001000
5 0.793971 0.548487 0.033072 0.001000
2 0.326829 0.567461 0.172250 0.001000
4 0.419155 0.567461 0.029627 0.001000
5 0.809129 0.567461 0.026871 0.001000
7 0.266197 0.567461 0.194298 0.001000
2 0.315116 0.582171 0.301782 0.001000
3 0.202809 0.582171 0.115063 0.001000
7 0.384705 0.582171 0.238394 0.001000
4 0.477031 0.582171 0.039273 0.001000
5 0.792593 0.582171 0.046163 0.001000
3 0.245527 0.604500 0.117130 0.001040
7 0.386083 0.604500 0.281112 0.001040
4 0.508036 0.604500 0.052364 0.001040
5 0.811196 0.604500 0.048919 0.001040
2 0.308915 0.618937 0.190164 0.001000
7 0.420533 0.618937 0.205322 0.001000
4 0.528706 0.618937 0.032383 0.001000
5 0.804995 0.618937 0.057876 0.001000
7 0.225000 0.651425 0.154440 0.013470
2 0.407300 0.671793 0.279480 0.001000
4 0.471005 0.671793 0.032195 0.001000
7 0.425795 0.671793 0.045895 0.001000
6 0.379900 0.671793 0.045895 0.001000
10 0.803915 0.671702 0.032195 0.001000
3 0.234503 0.695500 0.119886 0.005421
2 0.344743 0.695500 0.064077 0.005421
6 0.407442 0.695500 0.054431 0.005421
7 0.507347 0.695500 0.117819 0.005421
4 0.647214 0.695500 0.046852 0.005421
5 0.794660 0.695500 0.081991 0.005421
2 0.438447 0.710184 0.321074 0.001000
3 0.256551 0.710184 0.182585 0.001000
4 0.492189 0.710184 0.031005 0.001000
5 0.804306 0.710184 0.062010 0.001000
3 0.267159 0.732419 0.200542 0.001625
2 0.404793 0.732419 0.181403 0.001625
4 0.471529 0.732419 0.042495 0.001625
5 0.806876 0.732419 0.058249 0.001625
3 0.328896 0.751513 0.245973 0.002379
7 0.488744 0.751513 0.208767 0.002379
4 0.601740 0.751513 0.046163 0.002379
5 0.815330 0.751513 0.034450 0.002379
3 0.277221 0.769357 0.201188 0.001000
2 0.384705 0.769357 0.112996 0.001000
7 0.470141 0.769357 0.048919 0.001000
4 0.503213 0.769357 0.029627 0.001000
5 0.778813 0.769357 0.049608 0.001000
2 0.235881 0.787590 0.187408 0.001000
3 0.198675 0.787577 0.124020 0.001000
7 0.321317 0.787590 0.052364 0.001000
4 0.373681 0.787590 0.034450 0.001000
5 0.810507 0.787577 0.051675 0.001000
2 0.307537 0.807331 0.305227 0.001000
3 0.213833 0.807331 0.169494 0.001000
4 0.460495 0.807331 0.028938 0.001000
5 0.804306 0.807331 0.033072 0.001000
3 0.294446 0.825396 0.219791 0.001000
2 0.506658 0.825396 0.193609 0.001000
11 0.430868 0.825396 0.073723 0.001000
4 0.587271 0.825396 0.036517 0.001000
5 0.798794 0.825396 0.031694 0.001000
