0 0.293500 0.102500 0.295000 0.019000
0 0.206000 0.157500 0.120000 0.017000
0 0.489000 0.183000 0.686000 0.014000
0 0.489000 0.202000 0.686000 0.014000
0 0.489000 0.220000 0.686000 0.014000
0 0.176500 0.250000 0.061000 0.016000
0 0.489000 0.275000 0.686000 0.014000
0 0.491000 0.294000 0.690000 0.014000
0 0.198000 0.324000 0.104000 0.016000
0 0.489000 0.349000 0.686000 0.014000
0 0.489000 0.368000 0.686000 0.014000
0 0.180500 0.398000 0.069000 0.016000
0 0.489000 0.422000 0.686000 0.014000
0 0.489000 0.441000 0.686000 0.014000
0 0.489000 0.460000 0.686000 0.014000
7 0.206000 0.157500 0.095880 0.009809
3 0.259190 0.183000 0.109760 0.001000
2 0.371008 0.183000 0.122108 0.001000
7 0.458816 0.183000 0.173558 0.001000
4 0.645408 0.183000 0.035672 0.001000
5 0.793584 0.183000 0.038416 0.001000
2 0.313384 0.202000 0.354662 0.001050
3 0.238610 0.202000 0.106330 0.001050
6 0.368264 0.202000 0.089180 0.001050
7 0.462932 0.202000 0.240100 0.001050
4 0.685196 0.202000 0.045276 0.001050
5 0.797014 0.202000 0.072030 0.001050
2 0.346312 0.220000 0.265482 0.001000
4 0.481454 0.220000 0.037730 0.001000
7 0.401878 0.220000 0.070658 0.001000
5 0.803188 0.219972 0.025382 0.001000
6 0.315442 0.220000 0.054880 0.001000
7 0.176408 0.250000 0.035685 0.011880
2 0.416284 0.270310 0.266168 0.001000
3 0.239296 0.270310 0.161210 0.001000
6 0.382670 0.270310 0.067228 0.001000
7 0.467734 0.270310 0.079576 0.001000
4 0.562402 0.270310 0.041160 0.001000
10 0.795642 0.270310 0.033614 0.001000
2 0.484100 0.291340 0.407100 0.001000
3 0.256400 0.291340 0.151800 0.001000
4 0.649700 0.291340 0.041400 0.001000
5 0.794600 0.291340 0.041400 0.001000
6 0.456500 0.291340 0.096600 0.001000
7 0.573800 0.291340 0.096600 0.001000
7 0.198000 0.323840 0.082576 0.008160
3 0.258504 0.349112 0.129654 0.001000
2 0.375810 0.349126 0.093982 0.001000
6 0.468420 0.349126 0.093982 0.001000
7 0.591900 0.349112 0.102900 0.001000
4 0.655698 0.349112 0.030184 0.001000
5 0.802502 0.349126 0.029498 0.001000
2 0.349056 0.367958 0.218148 0.001000
3 0.183730 0.367958 0.072030 0.001000
4 0.464990 0.367958 0.022638 0.001000
7 0.364148 0.367958 0.099470 0.001000
5 0.809362 0.367958 0.033614 0.001000
2 0.180500 0.398000 0.050508 0.012704
2 0.338766 0.421580 0.373870 0.001000
7 0.482140 0.421580 0.246274 0.001000
4 0.604248 0.421580 0.055566 0.001000
5 0.797014 0.421580 0.034300 0.001000
2 0.337394 0.440888 0.356720 0.001000
3 0.196078 0.440888 0.098098 0.001000
4 0.529474 0.440888 0.026068 0.001000
7 0.397076 0.440888 0.128282 0.001000
5 0.799072 0.440888 0.025382 0.001000
3 0.344940 0.460000 0.178360 0.001000
2 0.440980 0.460000 0.116620 0.001000
7 0.543880 0.460000 0.157780 0.001000
4 0.639920 0.460000 0.034300 0.001000
10 0.811420 0.459860 0.020580 0.001000
