0 0.498500 0.082500 0.699000 0.041000
0 0.498500 0.137500 0.699000 0.041000
0 0.498500 0.191500 0.699000 0.041000
0 0.498500 0.245500 0.699000 0.041000
0 0.498500 0.300500 0.699000 0.041000
0 0.498500 0.354500 0.699000 0.041000
0 0.498500 0.409500 0.699000 0.041000
0 0.498500 0.452000 0.699000 0.018000
0 0.498500 0.507000 0.699000 0.064000
0 0.498500 0.585000 0.699000 0.064000
0 0.498500 0.651500 0.699000 0.041000
0 0.498500 0.705500 0.699000 0.041000
2 0.346817 0.065280 0.346005 0.001804
3 0.197231 0.065362 0.143295 0.001763
4 0.354506 0.068724 0.026562 0.001681
5 0.797672 0.068683 0.089472 0.001681
6 0.476831 0.065403 0.293580 0.001558
7 0.265034 0.068724 0.078987 0.001763
2 0.458657 0.283280 0.446661 0.002009
3 0.205619 0.283321 0.094365 0.002132
4 0.379670 0.286232 0.026562 0.001271
5 0.799070 0.286273 0.048231 0.001271
7 0.284606 0.286232 0.176847 0.001271
12 0.413921 0.286273 0.034251 0.001148
3 0.244763 0.341093 0.240456 0.002255
2 0.468443 0.341052 0.250242 0.002214
7 0.529256 0.345316 0.137703 0.001763
4 0.660668 0.345357 0.032853 0.001722
6 0.323051 0.345357 0.272610 0.001722
12 0.599855 0.345357 0.046833 0.001804
5 0.781595 0.345398 0.073395 0.001763
3 0.195134 0.403186 0.111840 0.002255
2 0.379670 0.403268 0.339714 0.002378
6 0.381068 0.405851 0.203409 0.002050
7 0.299984 0.405892 0.154479 0.002091
4 0.373379 0.405851 0.036348 0.002009
5 0.792080 0.405933 0.081084 0.002091
2 0.396446 0.452990 0.332724 0.001476
3 0.225191 0.452990 0.082482 0.001476
4 0.654377 0.452990 0.039843 0.001476
5 0.760625 0.452990 0.047532 0.001476
6 0.488714 0.452990 0.097860 0.001476
7 0.576788 0.452990 0.072696 0.001476
2 0.405533 0.479992 0.371169 0.002944
3 0.260840 0.480120 0.184536 0.002816
6 0.311867 0.483960 0.315249 0.001664
7 0.316760 0.487608 0.289386 0.001600
4 0.397844 0.487608 0.034251 0.001664
12 0.435590 0.487608 0.029358 0.001664
5 0.817244 0.487608 0.036348 0.001664
2 0.450968 0.641988 0.527046 0.003362
3 0.299285 0.642070 0.164964 0.003362
4 0.457259 0.650926 0.046134 0.002296
5 0.796973 0.651090 0.083880 0.002214
6 0.685133 0.642316 0.152382 0.002624
7 0.344021 0.650926 0.199914 0.002214
11 0.333536 0.641988 0.060114 0.003362
12 0.550226 0.642070 0.114636 0.003362
