0 0.498500 0.082000 0.701000 0.042000
0 0.498500 0.124000 0.701000 0.018000
0 0.498500 0.154000 0.701000 0.018000
0 0.498500 0.196000 0.701000 0.042000
0 0.498500 0.250000 0.701000 0.042000
0 0.498500 0.292000 0.701000 0.018000
0 0.498500 0.322000 0.701000 0.018000
0 0.498500 0.352000 0.701000 0.018000
0 0.498500 0.405500 0.701000 0.065000
0 0.498500 0.471000 0.701000 0.042000
2 0.295210 0.066040 0.401673 0.001428
7 0.262964 0.071542 0.220815 0.001092
4 0.403164 0.071542 0.026638 0.001092
5 0.795724 0.071542 0.053276 0.001092
6 0.455038 0.066040 0.095336 0.001428
2 0.405968 0.124216 0.324563 0.001000
3 0.237027 0.124216 0.152117 0.001000
4 0.642906 0.124216 0.035050 0.001000
7 0.494995 0.124216 0.140901 0.001000
10 0.790116 0.124216 0.063090 0.001000
2 0.457141 0.152884 0.264277 0.002250
3 0.260160 0.152884 0.135293 0.002250
4 0.720717 0.152884 0.053276 0.002250
6 0.507613 0.152884 0.074306 0.002250
7 0.628886 0.152884 0.145107 0.002250
10 0.799930 0.152884 0.063090 0.002250
2 0.408772 0.181510 0.440228 0.002310
3 0.265768 0.181510 0.145107 0.002310
4 0.464852 0.207802 0.034349 0.001218
5 0.780302 0.207802 0.040658 0.001218
6 0.560188 0.181510 0.040658 0.002310
7 0.307127 0.207802 0.146509 0.001218
2 0.384938 0.236056 0.450743 0.002982
7 0.368815 0.249706 0.278998 0.002100
4 0.478872 0.249706 0.042761 0.002100
5 0.789415 0.249706 0.055379 0.002100
6 0.505510 0.236056 0.091831 0.002982
2 0.383536 0.292018 0.272689 0.001000
3 0.219502 0.292018 0.048369 0.001000
6 0.448028 0.292018 0.090429 0.001000
7 0.585424 0.292018 0.177353 0.001000
4 0.679358 0.292018 0.040658 0.001000
5 0.785910 0.292018 0.049771 0.001000
2 0.333064 0.322792 0.337181 0.001314
3 0.192163 0.322792 0.119170 0.001314
4 0.735438 0.322792 0.055379 0.001314
5 0.817455 0.322792 0.029442 0.001314
6 0.382835 0.322792 0.077811 0.001314
7 0.539859 0.322792 0.202589 0.001314
2 0.424895 0.346078 0.338583 0.001000
3 0.203379 0.346078 0.049070 0.001000
4 0.640803 0.346078 0.049771 0.001000
7 0.526540 0.346078 0.114964 0.001000
6 0.490789 0.346078 0.051874 0.001000
10 0.798528 0.346078 0.084120 0.001000
2 0.307828 0.378720 0.240443 0.002925
3 0.208286 0.378720 0.099542 0.002925
6 0.504809 0.386065 0.503318 0.003250
7 0.298014 0.391850 0.260071 0.002925
4 0.398257 0.391785 0.044163 0.003055
10 0.809043 0.391785 0.039256 0.003055
2 0.334466 0.454452 0.332274 0.002688
6 0.403865 0.454452 0.131087 0.002688
7 0.276283 0.457056 0.186466 0.001932
4 0.341476 0.457056 0.028741 0.001932
5 0.799229 0.457056 0.064492 0.001932
