0 0.235000 0.075500 0.172000 0.023000
0 0.498500 0.132500 0.699000 0.019000
0 0.498500 0.163500 0.699000 0.017000
0 0.211500 0.250500 0.125000 0.023000
0 0.187000 0.305500 0.076000 0.017000
0 0.498500 0.364000 0.699000 0.042000
0 0.498500 0.406500 0.699000 0.017000
0 0.498500 0.436000 0.699000 0.018000
0 0.498500 0.466000 0.699000 0.018000
0 0.498500 0.496000 0.699000 0.018000
0 0.498500 0.557000 0.699000 0.018000
0 0.498500 0.587000 0.699000 0.018000
0 0.498500 0.617000 0.699000 0.018000
0 0.498500 0.647000 0.699000 0.018000
0 0.498500 0.677000 0.699000 0.018000
0 0.498500 0.719000 0.699000 0.042000
0 0.498500 0.761000 0.699000 0.018000
0 0.498500 0.803000 0.699000 0.042000
0 0.498500 0.857000 0.699000 0.042000
0 0.498500 0.899000 0.699000 0.018000
2 0.309071 0.132310 0.248844 0.001444
3 0.207716 0.132310 0.198516 0.001444
4 0.634106 0.132310 0.052425 0.001444
5 0.792080 0.132310 0.103452 0.001444
7 0.562109 0.132310 0.169857 0.001444
2 0.383165 0.163823 0.230670 0.001411
4 0.471239 0.163823 0.027960 0.001411
7 0.406232 0.163823 0.157275 0.001411
5 0.780896 0.163840 0.071997 0.001411
7 0.187000 0.305500 0.072884 0.014569
3 0.232181 0.345016 0.200613 0.001428
2 0.452366 0.345016 0.306162 0.001428
6 0.634805 0.345058 0.069201 0.001386
7 0.252452 0.346696 0.171255 0.001218
4 0.325148 0.346738 0.032154 0.001218
5 0.811652 0.346654 0.048930 0.001302
11 0.520868 0.345016 0.063609 0.001386
2 0.413222 0.406330 0.333423 0.001000
3 0.269927 0.406330 0.155877 0.001000
4 0.629213 0.406330 0.037047 0.001000
5 0.796274 0.406330 0.054522 0.001000
7 0.547430 0.406330 0.085278 0.001000
2 0.460754 0.435730 0.331326 0.001008
4 0.657872 0.435730 0.027960 0.001008
5 0.803264 0.435730 0.048930 0.001008
7 0.545333 0.435730 0.113238 0.001008
2 0.398543 0.466072 0.257232 0.001000
3 0.216803 0.466072 0.081084 0.001000
4 0.554420 0.466072 0.023766 0.001000
7 0.484520 0.466072 0.067104 0.001000
6 0.312566 0.466072 0.085278 0.001000
10 0.784391 0.466072 0.050328 0.001000
2 0.421610 0.496540 0.221583 0.001000
3 0.269228 0.496540 0.152382 0.001000
6 0.431396 0.496540 0.054522 0.001000
7 0.546032 0.496540 0.167061 0.001000
4 0.723578 0.496540 0.034251 0.001000
5 0.799070 0.496540 0.046833 0.001000
3 0.302081 0.556280 0.207603 0.001440
2 0.469142 0.556280 0.122325 0.001368
6 0.543935 0.556280 0.106947 0.001440
7 0.632009 0.556280 0.122325 0.001440
4 0.736859 0.556280 0.037047 0.001440
5 0.806060 0.556280 0.055920 0.001440
3 0.294392 0.580304 0.193623 0.001458
2 0.496403 0.580304 0.107646 0.001458
6 0.566303 0.580304 0.103452 0.001458
7 0.653678 0.580304 0.060114 0.001458
4 0.718685 0.580304 0.034251 0.001458
5 0.805361 0.580304 0.039843 0.001458
2 0.390155 0.617342 0.226476 0.001000
3 0.220997 0.617342 0.117432 0.001000
4 0.643892 0.617342 0.030057 0.001000
7 0.501296 0.617342 0.144693 0.001000
10 0.787187 0.617342 0.058017 0.001000
3 0.245462 0.647000 0.106947 0.001278
2 0.427202 0.647000 0.125121 0.001278
6 0.481724 0.647000 0.111141 0.001278
7 0.594962 0.647000 0.147489 0.001278
4 0.760625 0.647000 0.041241 0.001278
5 0.787886 0.647000 0.059415 0.001278
3 0.230084 0.677126 0.099258 0.001512
2 0.375476 0.677126 0.247446 0.001512
6 0.494306 0.677126 0.132810 0.001512
7 0.583079 0.677126 0.110442 0.001512
4 0.666260 0.677126 0.034950 0.001512
5 0.772508 0.677126 0.074094 0.001512
2 0.382466 0.755564 0.346005 0.003546
6 0.429998 0.755564 0.099258 0.003546
7 0.578885 0.755564 0.153081 0.003546
4 0.663464 0.755564 0.046134 0.003546
10 0.787187 0.755564 0.052425 0.003546
2 0.313964 0.786830 0.481611 0.002982
3 0.251054 0.786788 0.099957 0.002982
7 0.383864 0.790484 0.358587 0.002016
4 0.517373 0.790484 0.030756 0.002016
5 0.781595 0.790484 0.075492 0.002016
6 0.497102 0.786830 0.133509 0.002982
2 0.439784 0.839276 0.385149 0.001932
3 0.260840 0.839318 0.175449 0.001890
4 0.675347 0.842384 0.029358 0.001554
5 0.799769 0.842384 0.042639 0.001554
6 0.495704 0.839318 0.146091 0.001974
7 0.350312 0.842384 0.303366 0.001638
2 0.408329 0.898586 0.435477 0.001152
3 0.246860 0.898604 0.157974 0.001152
4 0.671852 0.898586 0.060114 0.001170
5 0.797672 0.898586 0.051726 0.001188
7 0.576089 0.898586 0.088773 0.001170
