0 0.499000 0.082500 0.700000 0.041000
0 0.499000 0.124500 0.700000 0.017000
0 0.499000 0.154500 0.700000 0.017000
0 0.499000 0.184000 0.700000 0.018000
0 0.499000 0.214500 0.700000 0.017000
0 0.499000 0.244500 0.700000 0.017000
0 0.499000 0.274500 0.700000 0.017000
0 0.499000 0.316500 0.700000 0.041000
0 0.499000 0.358500 0.700000 0.017000
0 0.499000 0.388500 0.700000 0.017000
0 0.499000 0.430500 0.700000 0.041000
0 0.499000 0.484000 0.700000 0.040000
0 0.249000 0.549500 0.200000 0.015000
0 0.499000 0.607500 0.700000 0.041000
0 0.499000 0.661500 0.700000 0.041000
0 0.499000 0.715000 0.700000 0.040000
0 0.499000 0.768500 0.700000 0.041000
0 0.499000 0.810500 0.700000 0.017000
0 0.499000 0.852500 0.700000 0.041000
3 0.269400 0.067453 0.207900 0.001804
2 0.514400 0.067453 0.333200 0.001804
7 0.296000 0.072168 0.216300 0.001435
4 0.388400 0.072168 0.028700 0.001435
5 0.796500 0.072168 0.052500 0.001435
2 0.471700 0.122137 0.291200 0.001105
3 0.212700 0.122137 0.123200 0.001105
4 0.663500 0.122137 0.027300 0.001105
5 0.797900 0.122137 0.051100 0.001105
7 0.563400 0.122137 0.100100 0.001105
2 0.424100 0.154194 0.357700 0.001207
3 0.336600 0.154194 0.100800 0.001207
7 0.566200 0.154194 0.131600 0.001207
4 0.697100 0.154194 0.035000 0.001207
5 0.811200 0.154194 0.042700 0.001207
2 0.399600 0.177448 0.241500 0.001000
4 0.507400 0.177466 0.024500 0.001000
7 0.458400 0.177466 0.047600 0.001000
5 0.795100 0.177484 0.041300 0.001000
2 0.484300 0.214347 0.487200 0.002822
3 0.299500 0.214347 0.193200 0.002822
6 0.521400 0.214347 0.172200 0.002822
7 0.680300 0.214347 0.161000 0.002822
4 0.759400 0.214347 0.051800 0.002822
5 0.813300 0.214347 0.056000 0.002822
2 0.358300 0.244551 0.286300 0.001241
3 0.257500 0.244551 0.075600 0.001241
7 0.461200 0.244551 0.151900 0.001241
4 0.536800 0.244551 0.052500 0.001241
5 0.776900 0.244551 0.072100 0.001241
2 0.487100 0.274381 0.219800 0.001000
3 0.207800 0.274398 0.071400 0.001000
4 0.565500 0.274398 0.032200 0.001000
7 0.466100 0.274381 0.100800 0.001000
6 0.422700 0.274398 0.041300 0.001000
10 0.790200 0.274381 0.051100 0.001000
2 0.497600 0.358347 0.277900 0.001000
4 0.620800 0.358347 0.033600 0.001000
7 0.522800 0.358347 0.208600 0.001000
5 0.783200 0.358347 0.061600 0.001000
2 0.474500 0.387650 0.294700 0.001105
3 0.223900 0.387650 0.091000 0.001105
4 0.704100 0.387650 0.039200 0.001105
5 0.798600 0.387650 0.039200 0.001105
6 0.359700 0.387650 0.102900 0.001105
7 0.571100 0.387650 0.128800 0.001105
2 0.372300 0.469760 0.425600 0.002240
3 0.223900 0.469760 0.145600 0.002240
4 0.436700 0.473840 0.035000 0.001440
5 0.807700 0.473760 0.037800 0.001520
7 0.257500 0.473840 0.169400 0.001440
6 0.541000 0.469760 0.063000 0.002240
7 0.249000 0.549294 0.190875 0.006094
3 0.252600 0.589583 0.189000 0.001886
2 0.438800 0.589624 0.247800 0.001804
6 0.560600 0.589665 0.108500 0.001763
7 0.338000 0.593970 0.262500 0.001722
4 0.463300 0.594052 0.037800 0.001681
5 0.804200 0.594134 0.077000 0.001681
2 0.397500 0.648544 0.410200 0.001353
3 0.230200 0.648544 0.154700 0.001353
4 0.441600 0.651537 0.029400 0.001107
5 0.793700 0.651578 0.049000 0.001189
6 0.520000 0.648544 0.054600 0.001312
7 0.258900 0.651496 0.181300 0.001271
2 0.379300 0.702840 0.413000 0.001400
7 0.315600 0.705760 0.253400 0.001320
4 0.430400 0.705800 0.032200 0.001320
5 0.802800 0.705840 0.042700 0.001400
6 0.476600 0.702800 0.081200 0.001400
2 0.490600 0.754888 0.426300 0.002091
3 0.337300 0.754888 0.142800 0.002091
4 0.490600 0.758578 0.037100 0.001353
5 0.802800 0.758701 0.053900 0.001189
6 0.587200 0.754888 0.112000 0.002091
7 0.345700 0.758578 0.135800 0.001353
3 0.256800 0.810415 0.149800 0.001139
2 0.401700 0.810483 0.120400 0.001088
7 0.545900 0.810534 0.183400 0.001054
4 0.738400 0.810466 0.042000 0.001037
10 0.801400 0.810517 0.056700 0.001071
