0 0.498500 0.070000 0.699000 0.016000
0 0.498500 0.112500 0.699000 0.039000
0 0.498500 0.154000 0.699000 0.016000
0 0.498500 0.196000 0.699000 0.040000
0 0.498500 0.238000 0.699000 0.016000
0 0.498500 0.268000 0.699000 0.016000
0 0.498500 0.298500 0.699000 0.015000
0 0.498500 0.328500 0.699000 0.015000
0 0.498500 0.358500 0.699000 0.015000
0 0.498500 0.401000 0.699000 0.040000
0 0.498500 0.453000 0.699000 0.040000
0 0.498500 0.495500 0.699000 0.015000
0 0.498500 0.525500 0.699000 0.015000
0 0.498500 0.556000 0.699000 0.016000
0 0.498500 0.598000 0.699000 0.040000
0 0.498500 0.652000 0.699000 0.040000
0 0.498500 0.707000 0.699000 0.040000
0 0.498500 0.748500 0.699000 0.015000
0 0.498500 0.778500 0.699000 0.015000
0 0.498500 0.821000 0.699000 0.040000
0 0.498500 0.859000 0.699000 0.016000
0 0.498500 0.888500 0.699000 0.015000
2 0.397844 0.069600 0.301968 0.001000
3 0.226589 0.069600 0.171255 0.001000
4 0.659969 0.069600 0.041241 0.001000
5 0.788585 0.069600 0.054522 0.001000
6 0.518771 0.069600 0.050328 0.001000
7 0.597059 0.069600 0.062211 0.001000
3 0.244064 0.099669 0.166362 0.002028
2 0.393650 0.099630 0.244650 0.002106
7 0.462851 0.102789 0.124422 0.001521
4 0.555119 0.102750 0.038445 0.001599
5 0.796973 0.102906 0.051027 0.001443
6 0.353807 0.102789 0.193623 0.001521
3 0.282509 0.153760 0.192924 0.001056
2 0.436289 0.153760 0.202011 0.001056
6 0.535547 0.153760 0.083880 0.001056
7 0.629912 0.153760 0.081783 0.001056
4 0.715889 0.153760 0.047532 0.001056
5 0.793478 0.153760 0.076191 0.001056
2 0.484520 0.238160 0.279600 0.001120
3 0.232880 0.238160 0.055920 0.001120
4 0.624320 0.238160 0.027960 0.001120
5 0.785090 0.238160 0.069900 0.001120
6 0.484520 0.238160 0.097860 0.001120
7 0.561410 0.238160 0.062910 0.001120
2 0.337031 0.267888 0.332025 0.001000
3 0.262937 0.267888 0.122325 0.001000
4 0.672551 0.267888 0.040542 0.001000
5 0.787886 0.267888 0.053124 0.001000
6 0.550226 0.267888 0.088773 0.001000
7 0.622223 0.267888 0.053823 0.001000
2 0.495005 0.298545 0.551511 0.002265
3 0.234977 0.298545 0.102753 0.002265
4 0.634106 0.298545 0.051027 0.002265
7 0.553721 0.298545 0.094365 0.002265
10 0.796274 0.298545 0.051726 0.002265
11 0.412523 0.298545 0.078288 0.002265
6 0.467744 0.298545 0.076191 0.002265
2 0.464249 0.328395 0.406119 0.001000
4 0.678842 0.328395 0.037746 0.001000
7 0.627815 0.328395 0.037746 0.001000
5 0.801866 0.328395 0.046134 0.001000
2 0.478928 0.353640 0.387246 0.003015
3 0.277616 0.353640 0.111840 0.003015
4 0.643193 0.353640 0.048930 0.003015
5 0.777401 0.353640 0.094365 0.003015
6 0.402737 0.353640 0.065706 0.003015
7 0.589370 0.353640 0.076890 0.003015
3 0.272024 0.440080 0.271212 0.002960
2 0.471938 0.440080 0.183138 0.002960
6 0.562808 0.440080 0.117432 0.002960
7 0.256646 0.449360 0.146790 0.002320
4 0.351710 0.449360 0.039144 0.002320
5 0.793478 0.449360 0.072696 0.002320
2 0.423707 0.490130 0.285891 0.001000
3 0.237074 0.490130 0.186633 0.001000
4 0.557915 0.490130 0.052425 0.001000
5 0.766916 0.490295 0.074793 0.001000
6 0.401339 0.490130 0.052425 0.001000
7 0.495005 0.490130 0.052425 0.001000
3 0.258743 0.525470 0.204807 0.001440
2 0.399242 0.525485 0.090171 0.001425
6 0.471239 0.525485 0.099957 0.001410
7 0.590768 0.525515 0.146790 0.001440
4 0.709598 0.525530 0.023766 0.001410
5 0.800468 0.525485 0.046833 0.001470
2 0.492908 0.555920 0.281697 0.001000
3 0.274820 0.555920 0.137004 0.001000
4 0.639698 0.555920 0.028659 0.001000
5 0.803963 0.555936 0.085977 0.001000
6 0.432794 0.555920 0.140499 0.001000
7 0.546731 0.555920 0.103452 0.001000
2 0.497102 0.586280 0.547317 0.002320
3 0.328643 0.586240 0.171954 0.002320
7 0.282509 0.588640 0.127218 0.001400
4 0.327944 0.588600 0.036348 0.001400
5 0.796973 0.588640 0.099957 0.001440
11 0.491510 0.586240 0.096462 0.002320
6 0.643193 0.586240 0.223680 0.002280
2 0.423008 0.688640 0.352296 0.001800
3 0.193736 0.688640 0.053124 0.001800
4 0.304178 0.690040 0.030756 0.001080
5 0.790682 0.690000 0.056619 0.001160
7 0.187445 0.690040 0.109743 0.001120
2 0.444677 0.743760 0.303366 0.001230
3 0.238472 0.743760 0.101355 0.001230
4 0.626417 0.743760 0.043338 0.001230
5 0.796274 0.743760 0.101355 0.001230
6 0.350312 0.743760 0.093666 0.001230
7 0.548828 0.743760 0.076890 0.001230
2 0.499199 0.777885 0.347403 0.001215
3 0.251054 0.777885 0.105549 0.001215
4 0.639698 0.777885 0.044736 0.001215
5 0.817244 0.777885 0.038445 0.001215
7 0.553022 0.777885 0.073395 0.001215
2 0.508286 0.858520 0.343209 0.001000
3 0.348215 0.858520 0.095064 0.001000
4 0.683036 0.858520 0.032154 0.001000
5 0.788585 0.858520 0.059415 0.001000
6 0.478928 0.858520 0.055221 0.001000
7 0.573992 0.858520 0.054522 0.001000
2 0.418115 0.883910 0.321540 0.002460
4 0.480326 0.883910 0.044736 0.002460
7 0.425804 0.883910 0.109044 0.002460
5 0.791381 0.883820 0.084579 0.002625
