0 0.499500 0.083000 0.699000 0.040000
0 0.499500 0.126000 0.699000 0.016000
0 0.499500 0.168500 0.699000 0.041000
0 0.499500 0.318000 0.699000 0.016000
0 0.499500 0.361500 0.699000 0.039000
0 0.499500 0.405000 0.699000 0.016000
0 0.499500 0.436000 0.699000 0.016000
0 0.499500 0.467000 0.699000 0.016000
0 0.499500 0.498000 0.699000 0.016000
0 0.499500 0.541500 0.699000 0.039000
0 0.499500 0.585000 0.699000 0.016000
0 0.499500 0.627500 0.699000 0.039000
0 0.499500 0.682500 0.699000 0.039000
0 0.499500 0.737500 0.699000 0.039000
0 0.499500 0.781000 0.699000 0.016000
0 0.499500 0.812000 0.699000 0.016000
2 0.346419 0.067720 0.380256 0.001680
3 0.247860 0.067680 0.044037 0.001720
4 0.485520 0.071280 0.030756 0.001080
7 0.342225 0.071280 0.143295 0.001120
6 0.477831 0.067720 0.052425 0.001720
10 0.799371 0.071360 0.051027 0.001160
2 0.323352 0.125472 0.203409 0.001072
6 0.403737 0.125472 0.091569 0.001072
7 0.542139 0.125472 0.192924 0.001072
4 0.718986 0.125472 0.036348 0.001072
5 0.804264 0.125472 0.062910 0.001072
2 0.379272 0.317440 0.241155 0.001136
4 0.575691 0.317440 0.038445 0.001136
5 0.790284 0.317472 0.046833 0.001104
7 0.477132 0.317440 0.090870 0.001136
2 0.361098 0.344730 0.379557 0.002145
3 0.252054 0.344730 0.228573 0.002145
7 0.324750 0.348630 0.257931 0.001755
4 0.445677 0.348630 0.039144 0.001755
5 0.805662 0.348630 0.081783 0.001755
2 0.326847 0.404840 0.150285 0.001000
6 0.430299 0.404840 0.092967 0.001000
7 0.555420 0.404840 0.221583 0.001000
4 0.737160 0.404840 0.036348 0.001000
5 0.809157 0.404840 0.029358 0.001000
3 0.241569 0.435888 0.234165 0.001000
2 0.412824 0.435888 0.081783 0.001000
6 0.508587 0.435888 0.097161 0.001000
7 0.652581 0.435888 0.109044 0.001000
4 0.750441 0.435888 0.030756 0.001000
5 0.788886 0.435888 0.041241 0.001000
2 0.401640 0.465240 0.206205 0.003024
3 0.256947 0.465256 0.115335 0.003024
6 0.458958 0.465224 0.048930 0.003040
7 0.597360 0.465240 0.166362 0.003024
4 0.688929 0.465256 0.023766 0.003024
5 0.808458 0.465240 0.030756 0.003024
2 0.355506 0.498128 0.269115 0.002768
6 0.438687 0.498288 0.102054 0.002288
7 0.558915 0.498144 0.157974 0.002768
4 0.630912 0.498144 0.040542 0.002768
5 0.803565 0.498128 0.073395 0.002768
3 0.270927 0.528513 0.109743 0.001209
2 0.394650 0.528513 0.077589 0.001287
6 0.527460 0.528630 0.268416 0.001209
7 0.243666 0.551484 0.110442 0.001209
4 0.331740 0.551484 0.029358 0.001209
10 0.809157 0.551484 0.044736 0.001209
2 0.422610 0.584680 0.384450 0.001440
7 0.630912 0.584680 0.099258 0.001440
5 0.804963 0.584680 0.058716 0.001440
2 0.496005 0.614942 0.548016 0.003120
3 0.215706 0.615449 0.096462 0.002457
4 0.516276 0.620519 0.046833 0.001287
7 0.360399 0.620558 0.142596 0.001326
10 0.801468 0.620714 0.048930 0.001209
3 0.287703 0.667407 0.170556 0.001248
2 0.488316 0.667407 0.230670 0.001248
6 0.550527 0.668694 0.297075 0.001248
7 0.261840 0.668694 0.157974 0.001248
4 0.340128 0.668694 0.025863 0.001248
5 0.804264 0.668694 0.045435 0.001248
3 0.300119 0.721865 0.301652 0.002305
2 0.539193 0.721865 0.235080 0.002305
6 0.628565 0.724488 0.200962 0.002269
7 0.260176 0.727112 0.176747 0.002269
4 0.326081 0.727112 0.036614 0.002269
5 0.804148 0.727112 0.090287 0.002269
2 0.432396 0.781064 0.342510 0.002368
3 0.330342 0.781064 0.194322 0.002368
4 0.605748 0.781064 0.083880 0.002368
5 0.804264 0.781064 0.092268 0.002368
6 0.423309 0.781064 0.177546 0.002368
7 0.552624 0.781064 0.185934 0.002368
2 0.425406 0.811936 0.345306 0.001000
4 0.693123 0.811936 0.036348 0.001000
5 0.785391 0.811936 0.080385 0.001000
7 0.565206 0.811936 0.120228 0.001000
