0 0.499000 0.082500 0.700000 0.041000
0 0.499000 0.124500 0.700000 0.017000
0 0.499000 0.154500 0.700000 0.017000
0 0.499000 0.184500 0.700000 0.017000
0 0.499000 0.214500 0.700000 0.017000
0 0.499000 0.256500 0.700000 0.041000
0 0.499000 0.298500 0.700000 0.017000
0 0.499000 0.341000 0.700000 0.040000
0 0.499000 0.382500 0.700000 0.017000
0 0.499000 0.412500 0.700000 0.017000
0 0.499000 0.442500 0.700000 0.017000
0 0.499000 0.472500 0.700000 0.017000
0 0.499000 0.502500 0.700000 0.017000
0 0.499000 0.544500 0.700000 0.041000
0 0.499000 0.586500 0.700000 0.017000
0 0.499000 0.628500 0.700000 0.041000
0 0.499000 0.682500 0.700000 0.041000
0 0.499000 0.736500 0.700000 0.041000
0 0.499000 0.790500 0.700000 0.041000
0 0.499000 0.832500 0.700000 0.017000
0 0.499000 0.874500 0.700000 0.041000
2 0.454200 0.065239 0.427700 0.002214
3 0.233000 0.065239 0.224700 0.002214
4 0.381400 0.069503 0.029400 0.001476
5 0.800700 0.069626 0.048300 0.001476
6 0.525600 0.065280 0.064400 0.002009
7 0.240700 0.069544 0.147000 0.001435
2 0.450000 0.123735 0.284200 0.001000
4 0.613800 0.123752 0.017500 0.001000
5 0.774100 0.123803 0.039900 0.001000
7 0.566900 0.123769 0.045500 0.001000
2 0.391200 0.154874 0.368900 0.001139
4 0.557800 0.154874 0.029400 0.001139
5 0.809100 0.154721 0.055300 0.001343
6 0.442300 0.154874 0.060900 0.001000
7 0.513000 0.154874 0.038500 0.001000
2 0.473800 0.184857 0.352100 0.001037
3 0.301600 0.184857 0.215600 0.001037
4 0.697800 0.184857 0.046900 0.001037
5 0.797900 0.184857 0.047600 0.001037
6 0.547300 0.184857 0.074900 0.001037
7 0.625700 0.184857 0.077700 0.001037
2 0.491300 0.214483 0.283500 0.001088
3 0.270800 0.214483 0.074200 0.001088
4 0.662800 0.214483 0.033600 0.001088
5 0.797200 0.214483 0.051800 0.001088
6 0.469600 0.214483 0.039200 0.001088
7 0.569700 0.214483 0.086800 0.001088
2 0.433200 0.297990 0.355600 0.001241
3 0.276400 0.297990 0.212800 0.001241
4 0.545200 0.297990 0.052500 0.001241
5 0.763600 0.297990 0.060900 0.001241
6 0.410100 0.297990 0.094500 0.001241
7 0.503200 0.297990 0.071400 0.001241
2 0.496900 0.325080 0.472500 0.003480
3 0.295300 0.325080 0.172900 0.003480
4 0.346400 0.328880 0.121100 0.002280
5 0.802800 0.328880 0.046900 0.002320
7 0.235800 0.328880 0.110600 0.002280
6 0.608900 0.325080 0.075600 0.003480
2 0.482900 0.382109 0.559300 0.001309
3 0.244900 0.382109 0.084700 0.001309
4 0.692900 0.382109 0.044100 0.001309
5 0.792300 0.382109 0.081900 0.001309
6 0.523500 0.382109 0.087500 0.001309
7 0.648100 0.382109 0.084700 0.001309
2 0.412900 0.412500 0.359100 0.001139
4 0.627800 0.412500 0.034300 0.001139
5 0.807700 0.412500 0.031500 0.001139
6 0.546600 0.412500 0.085400 0.001139
7 0.587900 0.412500 0.040600 0.001139
2 0.394700 0.442330 0.375900 0.002601
3 0.279200 0.442330 0.115500 0.002601
4 0.601200 0.442330 0.053900 0.002601
5 0.788800 0.442330 0.051100 0.002601
6 0.457000 0.442330 0.074200 0.002601
7 0.542400 0.442330 0.121100 0.002601
2 0.462600 0.473282 0.247100 0.001496
3 0.248400 0.473282 0.145600 0.001496
4 0.648100 0.473282 0.035700 0.001496
5 0.786700 0.473282 0.053200 0.001496
6 0.463300 0.473282 0.091700 0.001496
7 0.580200 0.473282 0.066500 0.001496
2 0.494800 0.498947 0.386400 0.001309
4 0.555000 0.498947 0.032200 0.001309
5 0.811200 0.499168 0.049000 0.001000
6 0.408000 0.498947 0.121800 0.001309
7 0.513700 0.498947 0.096600 0.001309
2 0.378600 0.526911 0.315700 0.001558
7 0.193100 0.531462 0.067200 0.001107
4 0.256800 0.531544 0.039200 0.001000
5 0.817500 0.531503 0.039900 0.001107
6 0.534000 0.526911 0.109900 0.001558
2 0.405200 0.586483 0.322000 0.001000
6 0.526300 0.586483 0.053900 0.001000
7 0.618700 0.586483 0.130900 0.001000
4 0.708300 0.586483 0.029400 0.001000
5 0.805600 0.586483 0.050400 0.001000
2 0.495500 0.614437 0.503300 0.003075
6 0.216200 0.617676 0.074900 0.001353
7 0.300200 0.617717 0.182000 0.001353
4 0.368800 0.617635 0.043400 0.001394
5 0.793000 0.617553 0.056700 0.001558
11 0.586500 0.614560 0.100100 0.002911
2 0.403800 0.669995 0.331100 0.002214
3 0.246300 0.670077 0.082600 0.002214
4 0.370200 0.672742 0.023800 0.001804
5 0.800700 0.672906 0.046200 0.001845
7 0.263100 0.672701 0.097300 0.001886
2 0.477300 0.721248 0.670600 0.003362
3 0.261000 0.721248 0.147000 0.003116
4 0.275700 0.740272 0.047600 0.002378
5 0.809800 0.740272 0.061600 0.002378
6 0.761500 0.721248 0.085400 0.003116
7 0.199400 0.740272 0.084000 0.002378
11 0.594900 0.721248 0.109200 0.003116
2 0.498300 0.775453 0.543200 0.002911
4 0.317000 0.802103 0.051800 0.001517
5 0.795800 0.802103 0.067200 0.001763
7 0.243500 0.802103 0.063700 0.001517
11 0.550100 0.776437 0.076300 0.001107
6 0.675400 0.776437 0.095900 0.001189
3 0.254700 0.831650 0.105000 0.001411
2 0.413600 0.831650 0.303100 0.001411
6 0.497600 0.831650 0.076300 0.001411
7 0.573900 0.831650 0.070700 0.001411
4 0.649500 0.831650 0.036400 0.001411
5 0.777600 0.831650 0.074200 0.001411
2 0.474500 0.857075 0.532000 0.001845
3 0.211300 0.857116 0.158200 0.001804
4 0.326800 0.864291 0.035700 0.001394
5 0.808400 0.864332 0.049700 0.001353
7 0.232300 0.864291 0.073500 0.001435
6 0.479400 0.859658 0.281400 0.001558
