0 0.498000 0.082000 0.700000 0.042000
0 0.498000 0.136500 0.700000 0.041000
0 0.498000 0.177500 0.700000 0.019000
0 0.498000 0.207500 0.700000 0.019000
0 0.498000 0.249500 0.700000 0.043000
0 0.498000 0.292000 0.700000 0.018000
0 0.498000 0.333500 0.700000 0.041000
0 0.498000 0.375500 0.700000 0.019000
0 0.498000 0.406000 0.700000 0.018000
0 0.498000 0.436000 0.700000 0.018000
0 0.498000 0.466000 0.700000 0.018000
0 0.498000 0.496000 0.700000 0.018000
0 0.498000 0.526000 0.700000 0.018000
0 0.498000 0.567500 0.700000 0.043000
0 0.498000 0.610000 0.700000 0.018000
0 0.284500 0.682000 0.273000 0.018000
0 0.498000 0.730000 0.700000 0.018000
0 0.498000 0.761000 0.700000 0.018000
0 0.498000 0.803000 0.700000 0.042000
0 0.498000 0.855500 0.700000 0.041000
2 0.495200 0.126824 0.562100 0.002460
3 0.229200 0.127234 0.109900 0.002050
4 0.376200 0.145274 0.055300 0.001558
5 0.805300 0.145520 0.036400 0.001558
7 0.236200 0.145356 0.136500 0.001476
2 0.472800 0.176930 0.203000 0.001000
3 0.244600 0.176911 0.138600 0.001000
4 0.673700 0.176930 0.037100 0.001000
5 0.803200 0.176873 0.042000 0.001000
6 0.423800 0.176930 0.053900 0.001000
7 0.549100 0.176930 0.124600 0.001000
3 0.208900 0.207253 0.089600 0.001000
2 0.400000 0.207253 0.098000 0.001000
6 0.462300 0.207253 0.079100 0.001000
7 0.570800 0.207253 0.134400 0.001000
4 0.702400 0.207253 0.030800 0.001000
5 0.816500 0.207253 0.027300 0.001000
3 0.210300 0.239524 0.131600 0.002924
2 0.453200 0.239782 0.481600 0.002709
7 0.222900 0.249973 0.120400 0.002451
4 0.298500 0.249973 0.056000 0.002451
5 0.796900 0.249715 0.091000 0.002924
6 0.505700 0.239825 0.245700 0.002451
2 0.381800 0.292000 0.260400 0.001656
3 0.483300 0.292000 0.098000 0.001656
4 0.654800 0.292000 0.053200 0.001656
5 0.789200 0.292000 0.079800 0.001656
6 0.548400 0.292000 0.112000 0.001656
7 0.619800 0.292000 0.070000 0.001656
2 0.418200 0.375215 0.373800 0.001007
3 0.199800 0.375215 0.123200 0.001007
4 0.654800 0.375215 0.040600 0.001007
5 0.801100 0.375215 0.045500 0.001007
6 0.430800 0.375215 0.099400 0.001007
7 0.541400 0.375215 0.109200 0.001007
2 0.427300 0.400168 0.272300 0.001170
3 0.193500 0.400204 0.086800 0.001134
4 0.600200 0.400222 0.041300 0.001134
5 0.784300 0.400258 0.058100 0.001134
6 0.420300 0.400204 0.185500 0.001134
7 0.510600 0.400204 0.088200 0.001134
3 0.254400 0.435478 0.312900 0.001062
2 0.488200 0.435478 0.175000 0.001134
6 0.488200 0.435478 0.109200 0.001062
7 0.617000 0.435478 0.137200 0.001062
4 0.661800 0.435478 0.036400 0.001062
5 0.787100 0.435478 0.068600 0.001062
3 0.343300 0.466324 0.228900 0.001512
2 0.468600 0.466324 0.163100 0.001512
6 0.560300 0.466324 0.114100 0.001512
7 0.648500 0.466324 0.126000 0.001512
4 0.752100 0.466324 0.051100 0.001512
5 0.811600 0.466324 0.055300 0.001512
3 0.309700 0.496378 0.313600 0.008262
2 0.458800 0.496342 0.146300 0.008298
6 0.540700 0.496414 0.074900 0.008190
7 0.628200 0.496342 0.154000 0.008262
4 0.707300 0.496414 0.048300 0.008190
5 0.788500 0.496414 0.100800 0.008190
2 0.423800 0.526126 0.485100 0.001000
3 0.234800 0.526126 0.099400 0.001000
4 0.667400 0.526126 0.029400 0.001000
5 0.816500 0.526126 0.046900 0.001000
6 0.465800 0.526126 0.072100 0.001000
7 0.562400 0.526126 0.106400 0.001000
2 0.385300 0.550386 0.420700 0.003311
3 0.239700 0.550386 0.156800 0.003311
4 0.313200 0.556019 0.043400 0.001591
5 0.815800 0.556320 0.036400 0.001419
6 0.592500 0.550386 0.181300 0.003268
7 0.234100 0.556019 0.108500 0.001548
2 0.475600 0.611188 0.338100 0.001152
3 0.244600 0.611188 0.147000 0.001152
4 0.621900 0.611188 0.048300 0.001152
5 0.807400 0.611188 0.062300 0.001152
6 0.525300 0.611188 0.056000 0.001152
7 0.567300 0.611188 0.126000 0.001152
3 0.267700 0.730072 0.112700 0.001296
2 0.372700 0.730108 0.158200 0.001296
7 0.517600 0.730090 0.144900 0.001296
4 0.623300 0.730054 0.028700 0.001296
5 0.806700 0.730072 0.050400 0.001296
2 0.411900 0.761036 0.314300 0.001206
3 0.201900 0.761036 0.098700 0.001206
4 0.676500 0.761036 0.042700 0.001206
5 0.803200 0.761036 0.086100 0.001206
7 0.549100 0.761036 0.126700 0.001206
2 0.325800 0.841970 0.282800 0.002173
6 0.460200 0.841970 0.195300 0.002173
7 0.377600 0.845373 0.254800 0.001763
4 0.468600 0.845373 0.039900 0.001763
5 0.799000 0.845537 0.039900 0.001517
