0 0.211000 0.139500 0.224000 0.015000
0 0.521000 0.168500 0.844000 0.015000
0 0.521000 0.189000 0.844000 0.014000
0 0.521000 0.210000 0.844000 0.014000
0 0.521000 0.231000 0.844000 0.014000
0 0.521000 0.252000 0.844000 0.014000
0 0.521000 0.273000 0.844000 0.014000
0 0.521000 0.294000 0.844000 0.014000
0 0.521000 0.315000 0.844000 0.014000
0 0.521000 0.336000 0.844000 0.014000
0 0.521000 0.357000 0.844000 0.014000
0 0.521000 0.378000 0.844000 0.014000
0 0.521000 0.399000 0.844000 0.014000
0 0.182500 0.438500 0.167000 0.015000
0 0.521000 0.468500 0.844000 0.015000
0 0.521000 0.489500 0.844000 0.015000
0 0.521000 0.510500 0.844000 0.015000
0 0.521000 0.531500 0.844000 0.015000
0 0.521000 0.552500 0.844000 0.015000
0 0.521000 0.573500 0.844000 0.015000
0 0.521000 0.594500 0.844000 0.015000
0 0.521000 0.615500 0.844000 0.015000
0 0.521000 0.636500 0.844000 0.015000
0 0.521000 0.657500 0.844000 0.015000
0 0.521000 0.678500 0.844000 0.015000
0 0.521000 0.699500 0.844000 0.015000
0 0.521000 0.720500 0.844000 0.015000
0 0.521000 0.741500 0.844000 0.015000
0 0.521000 0.762500 0.844000 0.015000
0 0.521000 0.783500 0.844000 0.015000
0 0.521000 0.804500 0.844000 0.015000
0 0.521000 0.825500 0.844000 0.015000
0 0.521000 0.846500 0.844000 0.015000
0 0.521000 0.867500 0.844000 0.015000
0 0.521000 0.888500 0.844000 0.015000
0 0.521000 0.909500 0.844000 0.015000
2 0.211000 0.139500 0.201600 0.010500
4 0.192184 0.139500 0.036960 0.010500
3 0.185932 0.168455 0.171332 0.007410
2 0.438288 0.168455 0.327472 0.007410
4 0.571640 0.168455 0.053172 0.007410
5 0.905864 0.168455 0.075116 0.007410
11 0.382584 0.168455 0.110564 0.007410
2 0.446596 0.189046 0.465526 0.002004
3 0.239000 0.189046 0.276462 0.002004
4 0.517830 0.189046 0.043946 0.002004
5 0.902902 0.189141 0.065418 0.001826
2 0.433224 0.210112 0.390772 0.001000
4 0.453480 0.210112 0.045576 0.001000
5 0.892360 0.210112 0.037136 0.001000
3 0.218004 0.231000 0.135884 0.001000
2 0.407904 0.231000 0.192432 0.001000
5 0.899956 0.231000 0.047264 0.001000
2 0.516780 0.249004 0.628780 0.001000
4 0.517624 0.248990 0.024476 0.001000
5 0.905020 0.249046 0.037136 0.001000
11 0.568264 0.248990 0.072584 0.001000
3 0.185088 0.273000 0.173864 0.001358
2 0.506652 0.273000 0.467576 0.001358
4 0.633252 0.273000 0.038824 0.001358
11 0.591052 0.273000 0.038824 0.001358
5 0.908396 0.273000 0.043044 0.001358
3 0.234884 0.293678 0.091996 0.001000
2 0.432380 0.293678 0.247292 0.001000
4 0.547164 0.293678 0.037980 0.001000
11 0.493148 0.293678 0.048952 0.001000
5 0.893204 0.293734 0.047264 0.001000
2 0.363172 0.314692 0.363764 0.001008
4 0.423940 0.314692 0.042200 0.001008
11 0.358952 0.314692 0.070896 0.001008
5 0.898268 0.314692 0.052328 0.001008
2 0.517624 0.336112 0.373892 0.001000
3 0.210408 0.336112 0.146012 0.001000
4 0.600336 0.336112 0.027852 0.001000
5 0.902488 0.336112 0.033760 0.001000
11 0.561512 0.336112 0.038824 0.001000
3 0.210408 0.356860 0.155296 0.001000
2 0.509184 0.356860 0.424532 0.001000
4 0.643380 0.356860 0.023632 0.001000
11 0.602024 0.356860 0.040512 0.001000
5 0.915992 0.356790 0.027008 0.001000
2 0.381740 0.378112 0.630468 0.001000
4 0.654352 0.378112 0.045576 0.001000
5 0.909240 0.378140 0.058236 0.001000
11 0.613840 0.378112 0.031228 0.001000
2 0.481332 0.393036 0.409340 0.001000
3 0.146264 0.393078 0.100436 0.001000
4 0.562356 0.393022 0.032072 0.001000
5 0.907552 0.393036 0.042200 0.001000
11 0.257672 0.393050 0.122380 0.001000
2 0.182500 0.438500 0.141950 0.009000
3 0.219571 0.468500 0.135643 0.001429
2 0.474279 0.468500 0.238129 0.001429
4 0.594850 0.468500 0.049736 0.001429
5 0.900046 0.468500 0.045214 0.001429
11 0.552650 0.468500 0.045214 0.001429
3 0.244168 0.489500 0.141792 0.001000
2 0.382584 0.489500 0.165424 0.001000
4 0.510872 0.489500 0.043888 0.001000
5 0.904176 0.489500 0.038824 0.001000
11 0.487240 0.489500 0.023632 0.001000
3 0.261892 0.510500 0.175552 0.001000
2 0.441664 0.510500 0.291180 0.001000
4 0.540412 0.510500 0.029540 0.001000
5 0.913460 0.510500 0.039668 0.001000
11 0.513404 0.510500 0.033760 0.001000
2 0.456856 0.531560 0.486144 0.002040
3 0.177492 0.531560 0.119848 0.002040
4 0.439976 0.531560 0.065832 0.002040
5 0.908396 0.531740 0.060768 0.001830
3 0.213784 0.552500 0.129132 0.007005
2 0.376676 0.552500 0.249824 0.007005
6 0.494836 0.552500 0.123224 0.007005
4 0.558136 0.552500 0.039668 0.007005
5 0.907552 0.552500 0.070052 0.007005
2 0.412124 0.573860 0.314812 0.001000
4 0.491460 0.573875 0.048108 0.001000
3 0.293964 0.573875 0.124068 0.001000
11 0.401152 0.573905 0.088620 0.001000
5 0.909240 0.573920 0.053172 0.001000
3 0.197748 0.594140 0.171332 0.001000
7 0.342072 0.594140 0.103812 0.001000
11 0.421408 0.594140 0.081024 0.001000
4 0.477112 0.594140 0.035448 0.001000
5 0.916836 0.594290 0.037980 0.001000
3 0.230664 0.615500 0.167956 0.002910
2 0.394400 0.615500 0.126600 0.002910
7 0.515936 0.615500 0.129976 0.002910
11 0.649288 0.615500 0.107188 0.002910
4 0.714276 0.615500 0.061612 0.002910
5 0.915992 0.615500 0.059924 0.002910
3 0.205344 0.635915 0.149388 0.001245
2 0.404528 0.635915 0.240540 0.001245
7 0.536192 0.635915 0.121536 0.001245
11 0.606244 0.635915 0.054016 0.001245
4 0.661104 0.635915 0.042200 0.001245
5 0.905864 0.635915 0.075116 0.001245
3 0.175804 0.657185 0.166268 0.001000
2 0.568264 0.657170 0.530876 0.001000
4 0.771668 0.657185 0.037136 0.001000
5 0.915148 0.657185 0.039668 0.001000
3 0.201968 0.678500 0.108032 0.005355
2 0.484708 0.678500 0.307216 0.005355
4 0.609620 0.678500 0.069208 0.005355
5 0.905864 0.678500 0.048108 0.005355
11 0.558136 0.678500 0.051484 0.005355
3 0.254109 0.699460 0.308457 0.001074
2 0.478696 0.699431 0.274404 0.001074
4 0.479949 0.699441 0.055257 0.001000
5 0.903422 0.699417 0.075417 0.001019
2 0.511716 0.721145 0.481080 0.001000
4 0.621436 0.721130 0.028696 0.001000
5 0.921056 0.721130 0.037136 0.001000
3 0.184244 0.741425 0.110564 0.007140
2 0.385116 0.741425 0.125756 0.007140
4 0.495680 0.741425 0.027008 0.007140
11 0.456856 0.741425 0.037136 0.007140
5 0.908396 0.741425 0.043044 0.007140
2 0.339540 0.756530 0.338444 0.001000
4 0.445040 0.756545 0.027852 0.001000
5 0.907552 0.756575 0.037136 0.001000
11 0.408748 0.756545 0.036292 0.001000
2 0.369080 0.783500 0.361232 0.001000
3 0.197748 0.783500 0.194964 0.001000
4 0.578392 0.783500 0.033760 0.001000
5 0.906708 0.783455 0.072584 0.001000
11 0.428160 0.783500 0.083556 0.001000
2 0.427316 0.825545 0.303840 0.001000
3 0.287212 0.825545 0.209312 0.001000
4 0.506652 0.825545 0.040512 0.001000
5 0.889828 0.825545 0.054860 0.001000
11 0.455168 0.825545 0.055704 0.001000
2 0.265268 0.839660 0.328316 0.001335
3 0.159768 0.839645 0.096216 0.001290
4 0.341228 0.839660 0.072584 0.001320
5 0.908396 0.839690 0.049796 0.001365
2 0.518468 0.862205 0.331692 0.001000
3 0.155548 0.862190 0.057392 0.001000
4 0.583456 0.862220 0.036292 0.001000
5 0.906708 0.862190 0.037136 0.001000
11 0.488928 0.862235 0.049796 0.001000
2 0.403684 0.882185 0.481924 0.001000
3 0.230664 0.882185 0.172176 0.001000
4 0.732844 0.882185 0.049796 0.001000
5 0.898268 0.882185 0.043888 0.001000
11 0.574172 0.882185 0.055704 0.001000
2 0.498212 0.909125 0.315656 0.001000
3 0.258516 0.909125 0.282740 0.001000
4 0.716808 0.909125 0.043044 0.001000
5 0.909240 0.909125 0.057392 0.001000
11 0.555604 0.909125 0.061612 0.001000
