0 0.210500 0.097500 0.221000 0.017000
0 0.375000 0.142500 0.550000 0.017000
0 0.169000 0.184500 0.138000 0.015000
0 0.522000 0.210500 0.844000 0.015000
0 0.522000 0.232000 0.844000 0.014000
0 0.522000 0.253500 0.844000 0.015000
0 0.522000 0.275000 0.844000 0.014000
0 0.522000 0.296500 0.844000 0.015000
0 0.522000 0.317500 0.844000 0.015000
0 0.522000 0.338500 0.844000 0.015000
0 0.522000 0.359500 0.844000 0.015000
0 0.522000 0.380500 0.844000 0.015000
0 0.522000 0.401500 0.844000 0.015000
0 0.522000 0.422500 0.844000 0.015000
0 0.522000 0.443500 0.844000 0.015000
0 0.522000 0.464500 0.844000 0.015000
0 0.145000 0.506500 0.090000 0.015000
0 0.522000 0.532500 0.844000 0.015000
0 0.522000 0.553500 0.844000 0.015000
0 0.522000 0.574500 0.844000 0.015000
0 0.522000 0.595500 0.844000 0.015000
0 0.522000 0.616500 0.844000 0.015000
0 0.522000 0.637500 0.844000 0.015000
0 0.207500 0.677500 0.215000 0.015000
0 0.522000 0.703500 0.844000 0.015000
0 0.522000 0.724500 0.844000 0.015000
2 0.375000 0.142500 0.500500 0.004930
7 0.169000 0.184500 0.138000 0.015000
2 0.306780 0.204905 0.338444 0.001000
4 0.508496 0.205010 0.048108 0.001000
5 0.879012 0.204980 0.059080 0.001000
2 0.431692 0.231916 0.225348 0.001000
3 0.235884 0.231916 0.090308 0.001000
4 0.500056 0.231916 0.037980 0.001000
5 0.914460 0.231916 0.037980 0.001000
2 0.222380 0.253350 0.157828 0.001000
4 0.319440 0.253350 0.036292 0.001000
5 0.925432 0.253350 0.038824 0.001000
2 0.251920 0.273460 0.295400 0.003080
4 0.370080 0.273600 0.059080 0.002800
5 0.910240 0.273460 0.042200 0.003080
3 0.219848 0.296500 0.199184 0.001665
2 0.408060 0.296500 0.248136 0.001665
4 0.497524 0.296500 0.098748 0.001665
5 0.904332 0.296500 0.074272 0.001665
3 0.248544 0.317500 0.156984 0.001380
2 0.413968 0.317500 0.236320 0.001380
4 0.516936 0.317500 0.062456 0.001380
5 0.908552 0.317500 0.065832 0.001380
2 0.485708 0.332485 0.638908 0.002595
3 0.152328 0.332485 0.112252 0.002595
4 0.702616 0.332575 0.044732 0.002595
7 0.580236 0.332545 0.118160 0.002595
5 0.902644 0.332545 0.040512 0.002595
2 0.376832 0.359560 0.308904 0.001110
3 0.199592 0.359560 0.179772 0.001110
4 0.461232 0.359560 0.044732 0.001110
5 0.908552 0.359560 0.063300 0.001110
7 0.326192 0.359560 0.136728 0.001110
2 0.319440 0.380440 0.371360 0.001000
3 0.243480 0.380440 0.160360 0.001000
7 0.395400 0.380440 0.219440 0.001000
4 0.473048 0.380440 0.033760 0.001000
5 0.910240 0.380440 0.050640 0.001000
2 0.375144 0.399430 0.342664 0.002985
7 0.504276 0.399430 0.217752 0.002985
4 0.630032 0.399430 0.069208 0.002985
5 0.900112 0.399430 0.066676 0.002985
3 0.326192 0.422590 0.152764 0.001000
2 0.453636 0.422575 0.283584 0.001000
4 0.526220 0.422575 0.031228 0.001000
5 0.900112 0.422575 0.066676 0.001000
2 0.508496 0.443635 0.397524 0.001000
3 0.287368 0.443635 0.212688 0.001000
4 0.509340 0.443635 0.040512 0.001000
5 0.911084 0.443635 0.031228 0.001000
3 0.316908 0.464470 0.212688 0.001000
2 0.392024 0.464470 0.276832 0.001000
4 0.486552 0.464470 0.055704 0.001000
5 0.910240 0.464470 0.050640 0.001000
2 0.145000 0.506500 0.088200 0.014400
2 0.414812 0.532575 0.242228 0.001170
3 0.218160 0.532575 0.097904 0.001170
4 0.519468 0.532575 0.049796 0.001170
5 0.906020 0.532575 0.066676 0.001170
2 0.429160 0.553500 0.160360 0.001050
3 0.294120 0.553500 0.101280 0.001050
4 0.513560 0.553500 0.033760 0.001050
5 0.901800 0.553500 0.042200 0.001050
2 0.182712 0.569445 0.137572 0.001035
4 0.282304 0.569430 0.073428 0.001065
5 0.901800 0.569415 0.050640 0.001110
2 0.234196 0.595500 0.166268 0.001575
4 0.380208 0.595500 0.060768 0.001575
5 0.899268 0.595500 0.054860 0.001575
2 0.241792 0.616500 0.307216 0.002310
4 0.339696 0.616500 0.053172 0.002310
5 0.890828 0.616500 0.085244 0.002310
2 0.282304 0.637470 0.312280 0.012375
4 0.573484 0.637515 0.087776 0.012375
5 0.905176 0.637515 0.073428 0.012375
7 0.207500 0.677333 0.214785 0.013000
3 0.247700 0.703500 0.288648 0.001995
2 0.401308 0.703500 0.363764 0.001995
4 0.485708 0.703500 0.071740 0.001995
5 0.903488 0.703500 0.083556 0.001995
3 0.311844 0.724140 0.217752 0.001000
2 0.471360 0.724140 0.238008 0.001000
4 0.717808 0.724140 0.064144 0.001000
5 0.908552 0.724140 0.033760 0.001000
