0 0.197500 0.094000 0.181000 0.016000
0 0.237000 0.137000 0.260000 0.016000
0 0.174500 0.180000 0.139000 0.014000
0 0.184000 0.276000 0.158000 0.014000
0 0.174500 0.372000 0.139000 0.014000
0 0.144000 0.468000 0.078000 0.014000
0 0.156000 0.543000 0.102000 0.014000
0 0.197500 0.639000 0.185000 0.014000
7 0.239889 0.137320 0.254222 0.007040
7 0.174755 0.180029 0.130113 0.010311
2 0.184000 0.276000 0.157671 0.011169
7 0.174500 0.372000 0.139000 0.014000
2 0.156000 0.543000 0.100980 0.012320
7 0.197500 0.638720 0.185000 0.006300
