0 0.203000 0.096000 0.208000 0.020000
0 0.178000 0.138000 0.158000 0.020000
0 0.162000 0.179500 0.126000 0.015000
0 0.272000 0.209000 0.346000 0.016000
0 0.273000 0.230500 0.348000 0.015000
0 0.270500 0.251500 0.343000 0.015000
0 0.270500 0.272500 0.343000 0.015000
0 0.270500 0.293500 0.343000 0.015000
0 0.270500 0.314500 0.343000 0.015000
0 0.262500 0.335500 0.327000 0.015000
0 0.262500 0.356500 0.327000 0.015000
0 0.262500 0.378000 0.327000 0.016000
0 0.262500 0.399000 0.327000 0.016000
0 0.260000 0.420000 0.322000 0.016000
0 0.260000 0.441000 0.322000 0.016000
0 0.251500 0.462000 0.305000 0.016000
0 0.246500 0.483000 0.295000 0.016000
0 0.249000 0.504000 0.300000 0.016000
0 0.249000 0.525000 0.300000 0.016000
0 0.252500 0.546000 0.307000 0.016000
0 0.255000 0.567000 0.312000 0.016000
0 0.255000 0.588000 0.312000 0.016000
0 0.255000 0.609000 0.312000 0.016000
0 0.255000 0.630000 0.312000 0.016000
0 0.250000 0.651000 0.302000 0.016000
0 0.252500 0.672000 0.307000 0.016000
0 0.252500 0.693000 0.307000 0.016000
0 0.252500 0.714000 0.307000 0.016000
0 0.252500 0.735000 0.307000 0.016000
7 0.162000 0.179500 0.124740 0.013350
2 0.257468 0.208808 0.168156 0.001000
4 0.354002 0.208792 0.013840 0.001000
7 0.222522 0.208792 0.121792 0.001000
12 0.398982 0.208792 0.015916 0.001000
2 0.271260 0.230500 0.230376 0.003600
4 0.362784 0.230500 0.029232 0.003600
12 0.413592 0.230500 0.032712 0.003600
2 0.218021 0.251500 0.132741 0.002760
4 0.341158 0.251500 0.029498 0.002760
12 0.399811 0.251500 0.031899 0.002760
7 0.280104 0.251500 0.084721 0.002760
2 0.218364 0.272500 0.178017 0.005850
3 0.140160 0.272500 0.066199 0.005850
4 0.331211 0.272500 0.032585 0.005850
12 0.392951 0.272500 0.024010 0.005850
2 0.270500 0.293500 0.294980 0.004755
4 0.333955 0.293500 0.019551 0.004140
12 0.378888 0.293575 0.031213 0.004140
2 0.259867 0.314440 0.168413 0.001000
4 0.362424 0.314455 0.038073 0.001000
12 0.410787 0.314455 0.037387 0.001000
7 0.296911 0.314455 0.082663 0.001000
3 0.147723 0.335635 0.048396 0.007635
2 0.210507 0.335635 0.034662 0.007635
7 0.297816 0.335635 0.069651 0.007635
4 0.352752 0.335635 0.025506 0.007635
12 0.402456 0.335635 0.023217 0.007635
3 0.125814 0.356500 0.035316 0.011985
2 0.187290 0.356500 0.060822 0.011985
7 0.253344 0.356500 0.080442 0.011985
4 0.335421 0.356500 0.048396 0.011985
12 0.397878 0.356500 0.034662 0.011985
3 0.130719 0.378000 0.063438 0.012784
2 0.205602 0.378000 0.041856 0.012784
7 0.274272 0.378000 0.093849 0.012784
4 0.341961 0.378000 0.035970 0.012784
12 0.388395 0.378000 0.034662 0.012784
3 0.141510 0.398920 0.050685 0.014560
2 0.202659 0.398920 0.049704 0.014560
7 0.271002 0.398920 0.068997 0.014560
4 0.343923 0.398920 0.040548 0.014560
12 0.401802 0.398920 0.041529 0.014560
2 0.257102 0.419600 0.276276 0.003424
4 0.336636 0.419600 0.040894 0.003424
12 0.385902 0.419600 0.034776 0.003424
3 0.145690 0.441000 0.054740 0.012736
2 0.205260 0.441000 0.057960 0.012736
7 0.282540 0.441000 0.088872 0.012736
4 0.345330 0.441000 0.030268 0.012736
12 0.396850 0.441000 0.039284 0.012736
3 0.132922 0.461975 0.051644 0.011323
2 0.222680 0.461975 0.121486 0.011323
4 0.309013 0.461975 0.036994 0.011323
12 0.369128 0.461975 0.066311 0.011323
2 0.254760 0.483128 0.173165 0.009104
4 0.314940 0.483128 0.028025 0.009104
12 0.355945 0.483128 0.039530 0.009104
3 0.126600 0.504000 0.052500 0.012800
2 0.204300 0.504000 0.085200 0.012800
7 0.262800 0.504000 0.060600 0.012800
4 0.321000 0.504000 0.031200 0.012800
12 0.366300 0.504000 0.035700 0.012800
2 0.162900 0.525080 0.129000 0.009920
3 0.117600 0.525080 0.041100 0.009920
7 0.208500 0.525080 0.045600 0.009920
4 0.270300 0.525080 0.036900 0.009920
12 0.355200 0.525080 0.043200 0.009920
3 0.128472 0.546000 0.058023 0.005712
2 0.209827 0.546000 0.084425 0.005712
7 0.285963 0.546000 0.053111 0.005712
4 0.341223 0.546000 0.023025 0.005712
12 0.382054 0.546000 0.034998 0.005712
3 0.151728 0.567000 0.086736 0.013760
4 0.303360 0.567000 0.043056 0.013760
12 0.389472 0.567000 0.041808 0.013760
3 0.132696 0.587760 0.057720 0.004576
2 0.246888 0.587632 0.094848 0.004816
4 0.315216 0.587808 0.030888 0.004400
12 0.377616 0.587952 0.039624 0.004048
3 0.138000 0.608840 0.075504 0.006064
4 0.325200 0.608840 0.044304 0.006064
12 0.382296 0.608840 0.040248 0.006064
2 0.255936 0.608840 0.139464 0.006064
3 0.133320 0.630000 0.056160 0.008800
2 0.201960 0.630000 0.049920 0.008800
7 0.270600 0.630000 0.068640 0.008800
4 0.323640 0.630000 0.021840 0.008800
12 0.367320 0.630000 0.034320 0.008800
2 0.243960 0.650760 0.236164 0.004832
4 0.321876 0.650760 0.023556 0.004832
12 0.372914 0.650760 0.036844 0.004832
3 0.119569 0.672000 0.041138 0.012448
2 0.204915 0.672000 0.064777 0.012448
7 0.252193 0.672000 0.064777 0.012448
4 0.306225 0.672000 0.034691 0.012448
12 0.357801 0.672000 0.034691 0.012448
3 0.137989 0.692952 0.044515 0.011312
2 0.207985 0.692952 0.045743 0.011312
7 0.278902 0.692952 0.070610 0.011312
4 0.335390 0.692952 0.021490 0.011312
12 0.380826 0.692952 0.042366 0.011312
3 0.127858 0.714000 0.046971 0.013712
2 0.204608 0.714000 0.060786 0.013712
7 0.269692 0.714000 0.073373 0.013712
4 0.326794 0.714000 0.041445 0.013712
12 0.380519 0.714000 0.043901 0.013712
3 0.149962 0.735000 0.034998 0.011632
2 0.247895 0.735000 0.110213 0.011632
4 0.322496 0.735000 0.022718 0.011632
12 0.371616 0.735000 0.034077 0.011632
