0 0.196500 0.078500 0.183000 0.019000
0 0.218000 0.121000 0.226000 0.016000
0 0.209000 0.169000 0.208000 0.014000
0 0.524000 0.195500 0.838000 0.015000
0 0.524000 0.217500 0.838000 0.015000
0 0.524000 0.237500 0.838000 0.015000
0 0.524000 0.259000 0.838000 0.014000
0 0.524000 0.279500 0.838000 0.015000
0 0.524000 0.301500 0.838000 0.015000
0 0.524000 0.321500 0.838000 0.015000
0 0.524000 0.342500 0.838000 0.015000
0 0.524000 0.363500 0.838000 0.015000
0 0.524000 0.384500 0.838000 0.015000
0 0.524000 0.405500 0.838000 0.015000
0 0.524000 0.427000 0.838000 0.014000
0 0.524000 0.447500 0.838000 0.015000
0 0.524000 0.468500 0.838000 0.015000
0 0.524000 0.489500 0.838000 0.015000
0 0.173000 0.564000 0.146000 0.014000
0 0.141000 0.607500 0.082000 0.013000
0 0.518500 0.634500 0.837000 0.015000
0 0.183500 0.677000 0.167000 0.014000
0 0.518500 0.704500 0.837000 0.015000
2 0.209000 0.169000 0.207350 0.013521
2 0.521486 0.195905 0.418162 0.001000
3 0.381540 0.195905 0.131566 0.001000
4 0.498860 0.195905 0.034358 0.001000
5 0.907804 0.195905 0.034358 0.001000
7 0.451094 0.195905 0.050280 0.001000
3 0.189638 0.217530 0.118158 0.001000
2 0.402490 0.217530 0.163410 0.001000
7 0.594392 0.217530 0.187712 0.001000
4 0.758640 0.217530 0.030168 0.001000
5 0.915346 0.217530 0.026816 0.001000
2 0.306120 0.233600 0.343580 0.001000
4 0.456960 0.233600 0.033520 0.001000
5 0.901100 0.233600 0.041900 0.001000
3 0.227808 0.258966 0.170691 0.003557
7 0.407436 0.258966 0.214995 0.003557
4 0.490858 0.258966 0.076931 0.003557
5 0.906595 0.258966 0.073497 0.003557
3 0.202208 0.277970 0.133242 0.002985
2 0.400814 0.277970 0.146650 0.002985
7 0.513106 0.277970 0.263132 0.002985
4 0.613666 0.277970 0.056146 0.002985
5 0.886016 0.277970 0.056146 0.002985
3 0.190476 0.301785 0.146650 0.001000
2 0.389082 0.301800 0.160058 0.001000
7 0.545788 0.301800 0.220394 0.001000
4 0.767020 0.301785 0.032682 0.001000
5 0.889368 0.301755 0.060336 0.001000
3 0.223996 0.321500 0.139946 0.001245
2 0.373160 0.321500 0.103912 0.001245
7 0.556682 0.321500 0.232126 0.001245
4 0.694114 0.321500 0.041900 0.001245
5 0.895234 0.321500 0.047766 0.001245
2 0.502212 0.343460 0.421514 0.001170
4 0.588526 0.343460 0.039386 0.001170
5 0.906128 0.343460 0.033520 0.001170
7 0.466178 0.343460 0.260618 0.001170
2 0.452770 0.363650 0.315088 0.001000
3 0.241594 0.363650 0.130728 0.001000
6 0.365618 0.363650 0.072068 0.001000
7 0.489642 0.363650 0.155868 0.001000
4 0.647186 0.363650 0.044414 0.001000
5 0.883502 0.363650 0.051956 0.001000
2 0.389920 0.379250 0.376262 0.001000
3 0.155280 0.379250 0.140784 0.001000
4 0.569252 0.379235 0.034358 0.001000
5 0.903614 0.379175 0.074582 0.001000
7 0.415898 0.379250 0.227936 0.001000
2 0.324556 0.405500 0.298328 0.003210
4 0.545788 0.405500 0.059498 0.003210
5 0.903614 0.405500 0.059498 0.003210
2 0.311148 0.427000 0.259780 0.006720
4 0.407518 0.427000 0.058660 0.006720
5 0.891044 0.427000 0.067040 0.006720
2 0.260868 0.447500 0.269836 0.001395
4 0.328746 0.447500 0.055308 0.001395
5 0.902776 0.447500 0.053632 0.001395
2 0.506402 0.469220 0.307546 0.001335
3 0.295226 0.469220 0.157544 0.001335
4 0.502212 0.469220 0.029330 0.001335
5 0.909480 0.469220 0.033520 0.001335
11 0.384892 0.469220 0.082962 0.001335
2 0.315338 0.489515 0.390508 0.001065
4 0.479586 0.489515 0.035196 0.001065
10 0.918698 0.489515 0.036872 0.001065
2 0.173000 0.564000 0.142168 0.012133
2 0.141000 0.607500 0.082000 0.013000
2 0.279118 0.635250 0.268677 0.001995
4 0.358633 0.635250 0.069471 0.001995
5 0.910216 0.635250 0.051894 0.001995
2 0.183500 0.677000 0.143397 0.010640
2 0.491716 0.701605 0.369117 0.001000
3 0.240616 0.701605 0.253611 0.001000
4 0.495064 0.701605 0.035991 0.001000
5 0.913564 0.701605 0.035991 0.001000
