0 0.203500 0.096500 0.209000 0.019000
0 0.213000 0.141000 0.228000 0.018000
0 0.202000 0.179500 0.206000 0.015000
0 0.521500 0.206500 0.845000 0.017000
0 0.521500 0.226500 0.845000 0.017000
0 0.521500 0.246500 0.845000 0.017000
0 0.521500 0.269000 0.845000 0.018000
0 0.521500 0.289000 0.845000 0.018000
0 0.521500 0.309000 0.845000 0.018000
0 0.521500 0.331000 0.845000 0.018000
0 0.212000 0.371000 0.226000 0.018000
0 0.521500 0.399000 0.845000 0.018000
0 0.521500 0.419000 0.845000 0.018000
0 0.521500 0.441000 0.845000 0.018000
0 0.178500 0.541000 0.159000 0.018000
0 0.521500 0.569000 0.845000 0.018000
0 0.521500 0.591000 0.845000 0.018000
0 0.521500 0.611000 0.845000 0.018000
0 0.521500 0.631000 0.845000 0.018000
0 0.521500 0.653500 0.845000 0.017000
0 0.521500 0.673500 0.845000 0.017000
0 0.521500 0.696500 0.845000 0.017000
0 0.521500 0.716500 0.845000 0.017000
0 0.362000 0.753500 0.526000 0.017000
0 0.521500 0.781000 0.845000 0.018000
0 0.521500 0.803500 0.845000 0.017000
0 0.521500 0.823500 0.845000 0.017000
0 0.521500 0.843500 0.845000 0.017000
0 0.521500 0.866500 0.845000 0.017000
0 0.521500 0.886500 0.845000 0.017000
0 0.521500 0.909000 0.845000 0.018000
2 0.202644 0.179453 0.181537 0.011906
3 0.197865 0.206500 0.133510 0.001000
2 0.395595 0.206500 0.163930 0.001000
7 0.546850 0.206500 0.204490 0.001000
4 0.658390 0.206500 0.038025 0.001000
5 0.906820 0.206500 0.059995 0.001000
2 0.505445 0.226619 0.421655 0.001139
3 0.190260 0.226619 0.157170 0.001139
4 0.503755 0.226619 0.032955 0.001139
7 0.354190 0.226619 0.149565 0.001139
5 0.914425 0.226619 0.060840 0.001139
2 0.422635 0.246143 0.505310 0.001000
4 0.567975 0.246143 0.040560 0.001000
7 0.491925 0.246143 0.087035 0.001000
5 0.907665 0.246143 0.036335 0.001000
2 0.301800 0.268946 0.255190 0.001000
4 0.479250 0.268946 0.049010 0.001000
5 0.897525 0.269126 0.058305 0.001000
2 0.520655 0.288352 0.402220 0.001332
6 0.430240 0.288352 0.109850 0.001332
4 0.496995 0.288352 0.042250 0.001332
7 0.333910 0.288352 0.101400 0.001332
5 0.905975 0.288352 0.042250 0.001332
2 0.515585 0.309054 0.566995 0.001000
4 0.485165 0.309072 0.028730 0.001000
5 0.909355 0.309054 0.042250 0.001000
6 0.403200 0.309054 0.095485 0.001000
7 0.353345 0.309054 0.054925 0.001000
2 0.374470 0.325168 0.310960 0.001000
4 0.488545 0.325168 0.050700 0.001000
5 0.914425 0.325168 0.039715 0.001000
2 0.212000 0.371000 0.216960 0.012600
3 0.197020 0.399198 0.212940 0.002754
2 0.353345 0.399126 0.241670 0.002970
4 0.509670 0.399108 0.038870 0.002898
5 0.913580 0.399198 0.059995 0.002754
2 0.406580 0.419090 0.363350 0.001000
4 0.524035 0.419090 0.036335 0.001000
5 0.907665 0.419090 0.036335 0.001000
3 0.248565 0.440982 0.155480 0.001206
2 0.409960 0.441036 0.228995 0.001206
4 0.526570 0.441018 0.049855 0.001242
5 0.908510 0.441036 0.062530 0.001260
7 0.178500 0.541000 0.151686 0.009108
3 0.249410 0.569702 0.299975 0.001638
4 0.480095 0.569702 0.049010 0.001638
5 0.908510 0.569702 0.035490 0.001638
2 0.424325 0.583296 0.586430 0.001000
3 0.381230 0.583296 0.295750 0.001000
4 0.585720 0.583296 0.050700 0.001000
7 0.524880 0.583314 0.057460 0.001000
5 0.897525 0.583278 0.060840 0.001008
6 0.489390 0.583296 0.032110 0.001000
3 0.188570 0.610964 0.150410 0.001188
2 0.359260 0.610964 0.120835 0.001188
7 0.550230 0.610964 0.220545 0.001188
4 0.704865 0.610964 0.050700 0.001188
5 0.910200 0.610964 0.043940 0.001188
3 0.213920 0.631000 0.150410 0.001080
2 0.467420 0.631000 0.133510 0.001080
6 0.350810 0.631000 0.116610 0.001080
7 0.658390 0.631000 0.211250 0.001080
4 0.717540 0.631000 0.054080 0.001080
5 0.903440 0.631000 0.047320 0.001080
3 0.216455 0.653500 0.146185 0.001037
2 0.359260 0.653500 0.167310 0.001037
6 0.425170 0.653500 0.118300 0.001037
7 0.608535 0.653500 0.324480 0.001037
4 0.759790 0.653500 0.034645 0.001037
5 0.909355 0.653500 0.034645 0.001037
3 0.182655 0.673500 0.109005 0.001000
2 0.356725 0.673500 0.120835 0.001000
6 0.282365 0.673500 0.076050 0.001000
7 0.481785 0.673500 0.125060 0.001000
4 0.603465 0.673500 0.030420 0.001000
5 0.896680 0.673500 0.047320 0.001000
2 0.342360 0.696432 0.178295 0.001000
3 0.188570 0.696432 0.130130 0.001000
4 0.409115 0.696432 0.044785 0.001000
5 0.910200 0.696432 0.028730 0.001000
7 0.349965 0.696432 0.049010 0.001000
2 0.285745 0.715922 0.311805 0.001139
3 0.191950 0.715922 0.096330 0.001139
4 0.356725 0.715922 0.049855 0.001139
7 0.295040 0.715922 0.062530 0.001139
5 0.905130 0.715990 0.055770 0.001139
7 0.362000 0.753442 0.510262 0.009254
2 0.408270 0.781126 0.367575 0.001000
3 0.160685 0.781126 0.114920 0.001000
7 0.472490 0.781126 0.155480 0.001000
4 0.561215 0.781126 0.059150 0.001000
5 0.900060 0.781126 0.038025 0.001000
3 0.169135 0.803585 0.283075 0.001000
2 0.526570 0.803585 0.316875 0.001000
7 0.732750 0.803585 0.144495 0.001000
4 0.805420 0.803585 0.043095 0.001000
5 0.917805 0.803585 0.047320 0.001000
2 0.532485 0.821766 0.432640 0.003264
3 0.208850 0.821766 0.231530 0.003264
7 0.604310 0.821817 0.108160 0.003247
4 0.676135 0.821766 0.040560 0.003264
5 0.906820 0.821868 0.052390 0.003230
3 0.272225 0.843585 0.161395 0.001275
2 0.441225 0.843585 0.274625 0.001275
7 0.577270 0.843585 0.058305 0.001275
4 0.622055 0.843585 0.043095 0.001275
5 0.901750 0.843585 0.054925 0.001275
3 0.279830 0.866211 0.222235 0.001000
2 0.494460 0.866211 0.076895 0.001000
6 0.407425 0.866211 0.085345 0.001000
7 0.581495 0.866211 0.131820 0.001000
4 0.656700 0.866211 0.059150 0.001000
5 0.904285 0.866211 0.065910 0.001000
3 0.239743 0.885781 0.270350 0.001298
2 0.426699 0.885781 0.098835 0.001298
11 0.551804 0.885781 0.137061 0.001298
7 0.700157 0.885781 0.125744 0.001298
4 0.751863 0.885781 0.045268 0.001298
5 0.886309 0.885781 0.059351 0.001298
2 0.513895 0.900648 0.347295 0.001000
6 0.307715 0.900648 0.218855 0.001000
7 0.600930 0.900648 0.090415 0.001000
4 0.666840 0.900648 0.035490 0.001000
5 0.897525 0.900648 0.046475 0.001000
