0 0.516500 0.115000 0.439000 0.026000
0 0.518000 0.166000 0.654000 0.022000
0 0.518000 0.211500 0.654000 0.023000
0 0.518000 0.256500 0.654000 0.023000
0 0.516500 0.338000 0.207000 0.026000
0 0.518000 0.388500 0.654000 0.023000
0 0.518000 0.434000 0.654000 0.022000
0 0.518000 0.479500 0.654000 0.023000
0 0.518000 0.537500 0.654000 0.049000
0 0.518000 0.592500 0.654000 0.023000
0 0.518000 0.637500 0.654000 0.023000
0 0.518000 0.683000 0.654000 0.022000
0 0.518000 0.724500 0.654000 0.023000
0 0.518000 0.771500 0.654000 0.019000
0 0.516000 0.853000 0.182000 0.022000
0 0.518000 0.915500 0.654000 0.049000
0 0.518000 0.973500 0.654000 0.023000
2 0.444098 0.165208 0.294954 0.001562
3 0.431672 0.165208 0.089598 0.001562
4 0.572936 0.165208 0.032046 0.001562
5 0.816224 0.165208 0.026814 0.001562
2 0.416630 0.211500 0.158922 0.002553
3 0.319184 0.211500 0.062130 0.002553
4 0.529772 0.211500 0.032700 0.002553
7 0.448022 0.211500 0.123606 0.002553
5 0.818840 0.211500 0.052320 0.002553
2 0.514730 0.255925 0.241326 0.001357
3 0.353846 0.255948 0.080442 0.001357
4 0.607598 0.255948 0.034008 0.001357
5 0.818840 0.256040 0.032700 0.001380
2 0.488570 0.388500 0.309342 0.002231
4 0.611522 0.388500 0.042510 0.002231
7 0.580130 0.388500 0.034662 0.002231
5 0.817532 0.388500 0.026160 0.002231
2 0.373466 0.434000 0.168732 0.004004
3 0.480068 0.434000 0.111180 0.004004
7 0.568358 0.434000 0.063438 0.004004
4 0.629834 0.434000 0.051666 0.004004
5 0.812954 0.434000 0.050358 0.004004
2 0.425786 0.479569 0.206010 0.001702
3 0.490532 0.479569 0.079788 0.001702
7 0.602366 0.479569 0.094830 0.001702
4 0.668420 0.479569 0.038586 0.001702
5 0.816224 0.479569 0.057552 0.001702
6 0.298910 0.516969 0.158922 0.002009
3 0.419900 0.516969 0.091560 0.002009
2 0.574244 0.516969 0.100716 0.002009
7 0.695888 0.516969 0.114450 0.002009
5 0.799220 0.516969 0.029430 0.002009
4 0.299564 0.523388 0.045780 0.001911
7 0.371504 0.592500 0.143226 0.007659
3 0.505574 0.592500 0.154998 0.007659
4 0.573590 0.592500 0.051012 0.007659
5 0.824072 0.592500 0.047742 0.007659
2 0.436904 0.636695 0.156960 0.001679
3 0.323108 0.636695 0.098100 0.001679
4 0.579476 0.636695 0.028776 0.001679
5 0.814916 0.636695 0.029430 0.001679
2 0.414668 0.682780 0.193584 0.001000
6 0.239396 0.682780 0.094176 0.001000
7 0.504920 0.682780 0.109872 0.001000
4 0.605636 0.682780 0.032700 0.001000
5 0.811646 0.682780 0.033354 0.001000
6 0.294332 0.724500 0.137994 0.004117
3 0.409436 0.724500 0.053628 0.004117
2 0.522578 0.724500 0.135378 0.004117
7 0.622640 0.724500 0.145188 0.004117
4 0.708968 0.724500 0.034008 0.004117
5 0.810992 0.724500 0.034662 0.004117
2 0.373466 0.771215 0.169386 0.001000
3 0.442136 0.771215 0.078480 0.001000
4 0.503612 0.771215 0.034008 0.001000
5 0.820802 0.771196 0.024198 0.001000
7 0.378698 0.896145 0.324384 0.002793
3 0.499034 0.896145 0.168078 0.002793
2 0.608252 0.896145 0.072594 0.002793
5 0.795950 0.896145 0.030084 0.002793
4 0.245936 0.902368 0.044472 0.002793
7 0.338804 0.974190 0.162192 0.003289
3 0.427094 0.974190 0.067362 0.003289
2 0.519962 0.974190 0.096138 0.003289
4 0.601058 0.974190 0.042510 0.003289
5 0.812954 0.974190 0.031392 0.003289
