0 0.497500 0.046500 0.209000 0.023000
0 0.497500 0.096000 0.403000 0.020000
0 0.497500 0.142000 0.383000 0.020000
0 0.498000 0.187000 0.494000 0.020000
0 0.497500 0.233000 0.417000 0.020000
0 0.497500 0.278500 0.347000 0.021000
0 0.498000 0.324000 0.524000 0.020000
0 0.497500 0.431500 0.293000 0.023000
0 0.498000 0.481000 0.692000 0.020000
0 0.497500 0.526500 0.763000 0.021000
0 0.498000 0.572000 0.636000 0.020000
0 0.497500 0.618000 0.849000 0.020000
0 0.498000 0.663000 0.848000 0.020000
0 0.498000 0.709000 0.596000 0.020000
0 0.498000 0.754500 0.866000 0.021000
0 0.498000 0.800000 0.762000 0.020000
0 0.497500 0.846000 0.777000 0.020000
0 0.498000 0.891000 0.598000 0.020000
0 0.497000 0.937000 0.868000 0.020000
3 0.497275 0.046291 0.192034 0.009394
2 0.450349 0.096220 0.091884 0.008460
6 0.486619 0.096180 0.062062 0.008500
3 0.526919 0.096140 0.029419 0.008540
4 0.563189 0.096180 0.024583 0.008500
2 0.391026 0.141700 0.056684 0.008820
6 0.429326 0.141700 0.050173 0.008820
3 0.489840 0.141700 0.033321 0.008820
4 0.524310 0.141700 0.024895 0.008820
5 0.654913 0.141700 0.062429 0.008820
2 0.382898 0.186000 0.055328 0.001300
6 0.430816 0.186000 0.068172 0.001300
7 0.496024 0.186000 0.132886 0.001300
4 0.635826 0.186000 0.025688 0.001300
5 0.707456 0.186000 0.026676 0.001300
2 0.438286 0.230560 0.237690 0.004900
4 0.599248 0.230560 0.054210 0.004900
5 0.673057 0.230560 0.054210 0.004900
2 0.441633 0.277555 0.135330 0.002856
3 0.489172 0.277555 0.043722 0.002856
4 0.540875 0.277555 0.037476 0.002856
5 0.641505 0.277555 0.031924 0.002856
2 0.436692 0.324000 0.188116 0.004980
4 0.604896 0.324000 0.038776 0.004980
5 0.718080 0.324000 0.047684 0.004980
6 0.492236 0.324000 0.135716 0.004980
2 0.479920 0.431454 0.166424 0.004324
12 0.607961 0.431431 0.046294 0.004416
3 0.295936 0.481000 0.251196 0.017500
2 0.508380 0.481000 0.092728 0.017500
7 0.647472 0.481000 0.107952 0.017500
4 0.722900 0.481000 0.049132 0.017500
5 0.803864 0.481000 0.041520 0.017500
3 0.334981 0.526500 0.278495 0.010164
2 0.438749 0.526500 0.131999 0.010164
4 0.756157 0.526500 0.051884 0.010164
5 0.833983 0.526500 0.044254 0.010164
7 0.600505 0.526500 0.151837 0.010164
3 0.261408 0.572060 0.157728 0.005160
2 0.405780 0.572060 0.122748 0.005160
7 0.555876 0.572060 0.169176 0.005160
4 0.728868 0.572060 0.043884 0.005160
5 0.789288 0.572060 0.035616 0.005160
3 0.181672 0.617800 0.229230 0.001240
2 0.528064 0.617800 0.185082 0.001280
6 0.353170 0.617800 0.101880 0.001240
4 0.823516 0.617800 0.047544 0.001280
7 0.682582 0.617800 0.134142 0.001280
5 0.882946 0.617800 0.028866 0.001280
3 0.224944 0.663000 0.217936 0.001500
2 0.586192 0.663000 0.292560 0.001500
4 0.750704 0.663000 0.047488 0.001500
10 0.859248 0.663000 0.061904 0.001500
2 0.365688 0.709000 0.094168 0.006660
3 0.289400 0.709000 0.149000 0.006660
4 0.642232 0.709000 0.050064 0.006660
7 0.482504 0.709000 0.287272 0.006660
6 0.413368 0.709000 0.061984 0.006660
2 0.248592 0.754500 0.239882 0.001323
3 0.150734 0.754500 0.091796 0.001323
4 0.758666 0.754500 0.053692 0.001323
6 0.365502 0.754500 0.094394 0.001323
7 0.564682 0.754500 0.197448 0.001323
5 0.872978 0.754500 0.038970 0.001323
2 0.285402 0.800000 0.205740 0.001000
6 0.411132 0.800000 0.105156 0.001000
7 0.626778 0.800000 0.212598 0.001000
4 0.715932 0.800000 0.035052 0.001000
5 0.821850 0.800000 0.044196 0.001000
3 0.202240 0.846000 0.219114 0.001460
6 0.420577 0.846000 0.150738 0.001460
7 0.573646 0.846000 0.219891 0.001460
4 0.687865 0.846000 0.034188 0.001460
12 0.732154 0.846000 0.033411 0.001460
5 0.844042 0.846000 0.048951 0.001460
2 0.316806 0.890720 0.078338 0.008220
6 0.376008 0.890720 0.081328 0.008220
7 0.490226 0.890720 0.108836 0.008220
4 0.613414 0.890720 0.034684 0.008220
5 0.763512 0.890720 0.028106 0.008220
3 0.155008 0.937000 0.168392 0.001500
2 0.516964 0.937000 0.155372 0.001500
7 0.713132 0.937000 0.206584 0.001500
4 0.838124 0.937000 0.044268 0.001500
6 0.358120 0.937000 0.303800 0.001500
