0 0.090000 0.028000 0.156000 0.020000
0 0.593500 0.028000 0.163000 0.020000
0 0.237500 0.063000 0.451000 0.024000
0 0.237500 0.090000 0.451000 0.024000
0 0.237500 0.117000 0.451000 0.024000
0 0.237500 0.144000 0.451000 0.024000
0 0.237500 0.171000 0.451000 0.024000
0 0.237500 0.198000 0.451000 0.024000
0 0.237500 0.225000 0.451000 0.024000
0 0.237500 0.252000 0.451000 0.024000
0 0.237500 0.279000 0.451000 0.024000
0 0.237500 0.306000 0.451000 0.024000
0 0.237500 0.333000 0.451000 0.024000
0 0.237500 0.360000 0.451000 0.024000
0 0.237500 0.387000 0.451000 0.024000
0 0.237500 0.414000 0.451000 0.024000
0 0.237500 0.441000 0.451000 0.024000
0 0.237500 0.468000 0.451000 0.024000
0 0.237500 0.495000 0.451000 0.024000
0 0.237500 0.522000 0.451000 0.024000
0 0.237500 0.549000 0.451000 0.024000
0 0.237500 0.576000 0.451000 0.024000
0 0.237500 0.603000 0.451000 0.024000
0 0.237500 0.630000 0.451000 0.024000
0 0.237500 0.657000 0.451000 0.024000
0 0.237500 0.684000 0.451000 0.024000
0 0.237500 0.711000 0.451000 0.024000
0 0.237500 0.738000 0.451000 0.024000
0 0.237500 0.765000 0.451000 0.024000
0 0.237500 0.792000 0.451000 0.024000
0 0.237500 0.819000 0.451000 0.024000
0 0.237500 0.846000 0.451000 0.024000
0 0.237500 0.873000 0.451000 0.024000
0 0.237500 0.900000 0.451000 0.024000
0 0.237500 0.927000 0.451000 0.024000
0 0.237500 0.954000 0.451000 0.024000
0 0.737500 0.063000 0.451000 0.024000
0 0.737500 0.090000 0.451000 0.024000
0 0.737500 0.117000 0.451000 0.024000
0 0.737500 0.144000 0.451000 0.024000
0 0.737500 0.171000 0.451000 0.024000
0 0.737500 0.198000 0.451000 0.024000
0 0.737500 0.225000 0.451000 0.024000
0 0.737500 0.252000 0.451000 0.024000
0 0.737500 0.279000 0.451000 0.024000
0 0.737500 0.306000 0.451000 0.024000
0 0.737500 0.333000 0.451000 0.024000
0 0.737500 0.360000 0.451000 0.024000
0 0.737500 0.387000 0.451000 0.024000
0 0.737500 0.414000 0.451000 0.024000
0 0.737500 0.441000 0.451000 0.024000
0 0.737500 0.468000 0.451000 0.024000
0 0.737500 0.495000 0.451000 0.024000
0 0.737500 0.522000 0.451000 0.024000
0 0.737500 0.549000 0.451000 0.024000
0 0.737500 0.576000 0.451000 0.024000
0 0.737500 0.603000 0.451000 0.024000
0 0.737500 0.630000 0.451000 0.024000
0 0.737500 0.657000 0.451000 0.024000
0 0.737500 0.684000 0.451000 0.024000
0 0.737500 0.711000 0.451000 0.024000
0 0.737500 0.738000 0.451000 0.024000
0 0.737500 0.765000 0.451000 0.024000
0 0.737500 0.792000 0.451000 0.024000
0 0.737500 0.819000 0.451000 0.024000
0 0.737500 0.846000 0.451000 0.024000
0 0.737500 0.873000 0.451000 0.024000
0 0.737500 0.900000 0.451000 0.024000
0 0.737500 0.927000 0.451000 0.024000
2 0.089532 0.027940 0.136656 0.011760
2 0.594315 0.027980 0.145070 0.007260
3 0.055296 0.063624 0.099220 0.007584
2 0.165791 0.063480 0.089749 0.007872
7 0.228480 0.063336 0.064944 0.007728
4 0.281247 0.063336 0.025707 0.007872
5 0.444509 0.063480 0.031570 0.007872
2 0.107612 0.090000 0.243540 0.009432
3 0.046727 0.090000 0.069003 0.009432
4 0.224872 0.090000 0.034727 0.009432
5 0.439548 0.090000 0.023452 0.009432
2 0.165791 0.117000 0.204303 0.001584
4 0.274933 0.117000 0.019393 0.001584
7 0.236147 0.117000 0.033825 0.001584
10 0.435489 0.116976 0.026609 0.001632
2 0.200969 0.140880 0.171380 0.003576
3 0.040864 0.140880 0.062689 0.003576
4 0.265462 0.140880 0.022099 0.003576
7 0.233892 0.140880 0.083886 0.003576
3 0.055747 0.171432 0.064944 0.001000
2 0.140084 0.171408 0.105985 0.001000
7 0.196910 0.171432 0.087945 0.001000
4 0.242912 0.171408 0.024805 0.001000
10 0.434587 0.171552 0.032923 0.001080
3 0.074238 0.198624 0.132594 0.001392
2 0.228480 0.198624 0.128084 0.001392
4 0.283953 0.198624 0.023001 0.001392
5 0.439548 0.198744 0.031570 0.001560
3 0.091827 0.224880 0.093808 0.001000
6 0.163085 0.224880 0.065395 0.001000
7 0.219009 0.224880 0.048708 0.001000
4 0.251030 0.224880 0.015334 0.001000
3 0.106259 0.253152 0.079376 0.001344
2 0.168046 0.253152 0.116809 0.001344
4 0.219911 0.253152 0.035178 0.001344
5 0.438195 0.253224 0.024354 0.001536
3 0.113024 0.279096 0.212421 0.001000
2 0.225323 0.279096 0.160105 0.001000
4 0.282149 0.279096 0.013530 0.001000
5 0.442705 0.279096 0.032923 0.001000
3 0.071081 0.306384 0.103279 0.001008
2 0.171203 0.306432 0.138457 0.001008
7 0.257344 0.306408 0.061787 0.001008
4 0.304699 0.306408 0.023001 0.001008
3 0.071983 0.333120 0.089749 0.001704
2 0.189694 0.333120 0.132594 0.001704
7 0.266364 0.333120 0.048257 0.001704
4 0.303346 0.333120 0.021648 0.001704
5 0.438646 0.333120 0.022099 0.001704
2 0.221715 0.359760 0.202499 0.001000
3 0.097239 0.359784 0.059983 0.001000
7 0.186537 0.359760 0.049159 0.001000
4 0.237951 0.359784 0.021197 0.001000
5 0.445411 0.360144 0.034727 0.001152
2 0.228931 0.388080 0.202499 0.001536
3 0.111671 0.388128 0.069905 0.001416
4 0.272227 0.388200 0.015785 0.001320
7 0.201871 0.388080 0.069905 0.001416
5 0.449470 0.388464 0.021197 0.001728
2 0.207734 0.420672 0.261129 0.001104
3 0.071532 0.420672 0.079827 0.001104
4 0.302895 0.420672 0.017138 0.001104
7 0.252383 0.420672 0.049159 0.001104
3 0.071081 0.441672 0.166870 0.001056
11 0.201871 0.441744 0.046904 0.001000
2 0.295228 0.441720 0.101024 0.001008
4 0.344387 0.441720 0.019844 0.001000
5 0.422861 0.441576 0.033374 0.001176
3 0.109416 0.468600 0.092455 0.001128
2 0.210440 0.468600 0.075317 0.001128
7 0.272678 0.468600 0.032472 0.001128
4 0.307856 0.468600 0.021197 0.001128
2 0.165340 0.496680 0.112750 0.001000
3 0.066120 0.496680 0.099220 0.001000
4 0.223970 0.496680 0.013530 0.001000
7 0.160830 0.496680 0.018040 0.001000
5 0.440450 0.496680 0.022550 0.001000
2 0.130613 0.527976 0.109142 0.001200
3 0.063865 0.528000 0.067199 0.001224
4 0.187890 0.528000 0.016687 0.001200
5 0.431430 0.528000 0.027511 0.001200
2 0.201420 0.555168 0.166419 0.001000
3 0.120240 0.555192 0.040590 0.001000
7 0.173007 0.555192 0.039688 0.001000
4 0.232990 0.555192 0.012628 0.001000
3 0.041315 0.584520 0.030217 0.001000
2 0.122495 0.584568 0.159203 0.001000
4 0.194204 0.584592 0.018491 0.001000
5 0.429175 0.584592 0.032472 0.001000
3 0.054845 0.607464 0.076219 0.001000
2 0.153163 0.607512 0.084337 0.001000
7 0.237049 0.607488 0.040590 0.001000
4 0.278090 0.607488 0.011275 0.001000
5 0.425567 0.607560 0.018040 0.001000
3 0.124299 0.658584 0.069905 0.001000
2 0.160379 0.658560 0.117711 0.001000
7 0.222166 0.658584 0.061336 0.001000
4 0.246069 0.658584 0.010824 0.001000
5 0.424665 0.658608 0.018040 0.001000
2 0.149555 0.672936 0.177694 0.001000
5 0.444509 0.673008 0.018040 0.001000
2 0.108965 0.693000 0.094710 0.001032
4 0.149104 0.692952 0.018942 0.001080
5 0.442254 0.692904 0.020295 0.001008
4 0.189243 0.718248 0.021197 0.001000
3 0.053492 0.718272 0.134398 0.001000
5 0.441803 0.718224 0.018491 0.001000
2 0.117534 0.727488 0.205656 0.001000
5 0.447215 0.727392 0.023001 0.001224
4 0.196008 0.727440 0.017589 0.001128
2 0.096337 0.749400 0.212421 0.001080
5 0.449019 0.749448 0.022099 0.001000
2 0.099945 0.754992 0.185361 0.001000
7 0.163085 0.756840 0.111848 0.001000
5 0.418802 0.754992 0.027511 0.001000
5 0.418802 0.756912 0.027511 0.001000
2 0.145947 0.781152 0.247148 0.001776
4 0.217205 0.782808 0.016687 0.001080
5 0.433685 0.781152 0.021197 0.001776
7 0.180674 0.782832 0.080278 0.001104
2 0.155418 0.808704 0.241285 0.001200
4 0.247422 0.808704 0.026158 0.001200
7 0.199165 0.808704 0.047806 0.001200
5 0.444058 0.808608 0.018942 0.001296
3 0.095886 0.808704 0.059532 0.001200
2 0.128358 0.838440 0.275110 0.001032
3 0.044923 0.838440 0.041943 0.001032
4 0.196910 0.838440 0.016687 0.001032
5 0.429626 0.838440 0.022099 0.001032
7 0.140084 0.838440 0.064944 0.001032
11 0.104004 0.838440 0.028413 0.001032
2 0.174811 0.862536 0.111397 0.001056
3 0.075591 0.862560 0.034276 0.001056
4 0.275835 0.862584 0.012177 0.001056
7 0.218107 0.862536 0.036531 0.001104
5 0.449921 0.862512 0.013079 0.001032
2 0.123397 0.889728 0.330132 0.003360
5 0.444509 0.889824 0.032923 0.003192
2 0.110318 0.916296 0.168674 0.001704
4 0.191047 0.916296 0.019393 0.001536
7 0.159026 0.916296 0.029766 0.001536
5 0.434136 0.916320 0.030217 0.001536
2 0.127005 0.945840 0.169576 0.001296
6 0.150006 0.948144 0.098769 0.001152
7 0.214950 0.948120 0.036982 0.001152
4 0.233892 0.948120 0.019844 0.001104
5 0.435489 0.946128 0.040139 0.001296
3 0.567022 0.063000 0.102377 0.002184
2 0.675713 0.063000 0.081180 0.002184
7 0.770423 0.063000 0.061336 0.002184
4 0.815523 0.063000 0.026158 0.002184
10 0.949921 0.063000 0.023001 0.002184
2 0.681125 0.090000 0.150183 0.004008
3 0.567924 0.090000 0.059532 0.004008
4 0.759148 0.090000 0.021648 0.004008
5 0.943156 0.090000 0.019844 0.004008
7 0.717656 0.090000 0.065846 0.004008
2 0.697812 0.117576 0.207009 0.001272
3 0.565218 0.117576 0.101024 0.001272
6 0.733892 0.117576 0.062238 0.001272
7 0.809209 0.117576 0.067650 0.001272
4 0.844387 0.117576 0.027962 0.001272
10 0.933234 0.117576 0.027511 0.001272
2 0.639182 0.143472 0.150634 0.001248
6 0.687439 0.143472 0.067199 0.001248
7 0.759148 0.143472 0.101024 0.001248
4 0.857917 0.143472 0.025256 0.001248
5 0.943607 0.143472 0.022550 0.001248
2 0.651810 0.170760 0.108240 0.001000
6 0.683380 0.170760 0.031570 0.001000
7 0.742010 0.170760 0.063140 0.001000
4 0.796130 0.170760 0.018040 0.001000
5 0.940450 0.171000 0.013530 0.001000
2 0.670752 0.190488 0.262482 0.002328
3 0.556649 0.190488 0.111397 0.002328
4 0.756442 0.190488 0.025707 0.002328
5 0.945411 0.190632 0.025256 0.002256
6 0.676615 0.190488 0.062238 0.002328
7 0.718107 0.190488 0.070356 0.002328
2 0.636927 0.224832 0.191675 0.001728
3 0.540864 0.224832 0.077121 0.001728
6 0.670752 0.224832 0.034276 0.001728
4 0.707734 0.224832 0.018040 0.001728
5 0.944058 0.224832 0.015334 0.001728
3 0.562512 0.252000 0.061336 0.001752
2 0.686537 0.252000 0.097416 0.001752
6 0.659026 0.252000 0.041943 0.001752
7 0.735696 0.252000 0.046453 0.001752
4 0.771776 0.252000 0.031119 0.001752
5 0.947666 0.252000 0.029766 0.001752
2 0.682478 0.279216 0.164615 0.001224
3 0.578297 0.279216 0.067199 0.001224
4 0.765011 0.279216 0.025256 0.001224
5 0.936842 0.279312 0.018040 0.001128
6 0.663536 0.279216 0.051865 0.001224
7 0.735245 0.279216 0.032472 0.001224
2 0.671654 0.305448 0.088847 0.001368
3 0.566120 0.305448 0.051865 0.001368
4 0.726676 0.305448 0.024354 0.001368
5 0.941803 0.305448 0.015785 0.001368
6 0.622946 0.305448 0.029315 0.001368
7 0.662634 0.305448 0.067650 0.001368
2 0.714499 0.333096 0.136202 0.001896
3 0.577846 0.333096 0.060434 0.001896
6 0.640084 0.333096 0.073964 0.001896
4 0.755991 0.333096 0.017138 0.001896
7 0.696008 0.333096 0.059532 0.001896
5 0.944058 0.333096 0.019393 0.001896
3 0.547629 0.360000 0.049610 0.001000
2 0.664438 0.360000 0.120417 0.001000
7 0.760050 0.360000 0.092906 0.001000
4 0.820484 0.360000 0.016236 0.001000
5 0.937744 0.360000 0.021648 0.001000
2 0.645496 0.386856 0.108240 0.001008
6 0.685635 0.386856 0.072160 0.001008
7 0.734343 0.386856 0.068552 0.001008
4 0.764109 0.386856 0.025256 0.001008
10 0.939548 0.386832 0.031570 0.001056
3 0.605808 0.414456 0.109142 0.001368
2 0.714048 0.414456 0.087494 0.001368
7 0.799738 0.414456 0.070356 0.001368
4 0.868290 0.414456 0.019844 0.001368
5 0.924665 0.414456 0.019844 0.001368
2 0.684282 0.441648 0.130790 0.001080
3 0.562512 0.441648 0.067199 0.001128
4 0.786208 0.441792 0.013079 0.001008
7 0.717656 0.441672 0.068101 0.001128
6 0.633319 0.441672 0.049610 0.001128
2 0.748775 0.466440 0.207911 0.001000
3 0.611220 0.466416 0.115005 0.001000
4 0.783051 0.466440 0.022550 0.001000
5 0.923763 0.466488 0.023903 0.001000
2 0.679772 0.505584 0.153791 0.001000
3 0.613926 0.505584 0.065846 0.001000
7 0.717656 0.505584 0.076219 0.001000
4 0.798385 0.505584 0.013530 0.001000
5 0.940901 0.505584 0.012177 0.001000
2 0.624750 0.527640 0.116358 0.001128
7 0.676615 0.527640 0.059532 0.001128
4 0.713146 0.527640 0.019844 0.001128
10 0.944058 0.527640 0.018942 0.001128
2 0.681576 0.549288 0.275561 0.001000
3 0.559355 0.549288 0.063591 0.001000
4 0.796581 0.549288 0.014432 0.001000
7 0.746971 0.549288 0.047806 0.001000
2 0.622044 0.579264 0.083435 0.001000
7 0.655869 0.579264 0.092455 0.001000
4 0.736147 0.579264 0.021197 0.001000
10 0.938646 0.579240 0.021197 0.001000
2 0.634221 0.602928 0.113652 0.001104
7 0.724872 0.602880 0.088847 0.001152
4 0.786659 0.602856 0.015334 0.001128
5 0.928724 0.602832 0.026609 0.001176
2 0.717205 0.637608 0.173635 0.001128
4 0.797483 0.637608 0.015785 0.001128
5 0.933234 0.637608 0.022099 0.001128
2 0.700518 0.656520 0.127633 0.001000
3 0.569728 0.656520 0.098769 0.001000
4 0.765462 0.656520 0.019393 0.001000
5 0.939548 0.656520 0.019844 0.001000
3 0.561159 0.673104 0.144320 0.001000
7 0.679321 0.673104 0.080278 0.001000
5 0.939097 0.673104 0.014432 0.001000
2 0.605808 0.694896 0.147026 0.001008
4 0.727127 0.694896 0.014432 0.001008
5 0.942254 0.694896 0.014432 0.001008
2 0.673909 0.710880 0.251658 0.001200
4 0.796581 0.710880 0.016687 0.001200
5 0.927371 0.710880 0.024805 0.001176
7 0.668948 0.728760 0.230010 0.001000
5 0.948117 0.728784 0.021197 0.001000
5 0.949921 0.738576 0.019844 0.001000
2 0.661732 0.755376 0.212872 0.001008
4 0.733441 0.757368 0.014883 0.001000
5 0.937744 0.755376 0.022099 0.001056
2 0.635123 0.757344 0.096063 0.001000
5 0.937744 0.757368 0.021648 0.001000
4 0.724872 0.784128 0.020295 0.001000
5 0.921508 0.784104 0.019393 0.001000
4 0.720362 0.803016 0.017589 0.001000
5 0.919704 0.802944 0.018942 0.001000
2 0.630162 0.811512 0.218735 0.001080
7 0.674360 0.811512 0.075768 0.001056
4 0.729833 0.811488 0.018491 0.001080
5 0.944960 0.811536 0.015785 0.001056
2 0.639633 0.835872 0.243540 0.001128
7 0.698263 0.835872 0.165066 0.001128
4 0.719009 0.835872 0.018040 0.001128
5 0.945411 0.835704 0.017138 0.001296
2 0.663987 0.865080 0.088847 0.001344
3 0.556198 0.865128 0.065846 0.001344
6 0.643692 0.865152 0.018942 0.001344
7 0.712695 0.865080 0.067199 0.001368
4 0.760952 0.865104 0.017138 0.001368
5 0.934136 0.865104 0.022550 0.001368
2 0.581905 0.889344 0.080729 0.001000
7 0.627005 0.889344 0.069454 0.001000
6 0.698263 0.889344 0.031119 0.001000
4 0.732539 0.889344 0.013079 0.001000
5 0.946313 0.889344 0.016236 0.001000
3 0.549884 0.921480 0.060885 0.001032
2 0.671654 0.921480 0.099671 0.001032
6 0.680674 0.921480 0.032021 0.001032
7 0.719009 0.921480 0.065846 0.001032
4 0.767266 0.921480 0.013079 0.001032
5 0.952627 0.921840 0.016236 0.001000
