0 0.331500 0.175500 0.217000 0.023000
0 0.685500 0.175500 0.265000 0.023000
0 0.284500 0.235000 0.131000 0.022000
0 0.494500 0.235000 0.079000 0.022000
0 0.730500 0.235000 0.183000 0.022000
0 0.332500 0.294500 0.183000 0.023000
0 0.686500 0.294500 0.225000 0.023000
0 0.339500 0.353500 0.157000 0.023000
0 0.693500 0.353500 0.175000 0.023000
0 0.520000 0.412000 0.340000 0.024000
0 0.359500 0.470500 0.315000 0.023000
0 0.713500 0.470500 0.251000 0.023000
0 0.332500 0.529500 0.249000 0.023000
0 0.565500 0.529500 0.053000 0.023000
0 0.754500 0.529500 0.159000 0.023000
0 0.356500 0.588500 0.159000 0.023000
0 0.710000 0.588500 0.106000 0.023000
0 0.404500 0.647500 0.371000 0.023000
0 0.758500 0.647500 0.127000 0.023000
0 0.520000 0.706500 0.344000 0.023000
0 0.359000 0.765500 0.290000 0.023000
0 0.713000 0.765500 0.228000 0.023000
0 0.373500 0.824500 0.343000 0.023000
0 0.727000 0.824500 0.224000 0.023000
0 0.303000 0.883500 0.156000 0.023000
0 0.572500 0.883500 0.149000 0.023000
0 0.789500 0.883500 0.053000 0.023000
0 0.520500 0.942500 0.149000 0.023000
9 0.338010 0.175040 0.097650 0.004140
7 0.284705 0.235000 0.130386 0.020625
7 0.494500 0.235000 0.067940 0.013860
2 0.730134 0.234560 0.146217 0.014410
2 0.332500 0.294500 0.162667 0.016727
7 0.686500 0.294500 0.222750 0.022770
2 0.339343 0.353477 0.117279 0.019044
7 0.693500 0.353500 0.146827 0.012321
7 0.522720 0.412120 0.333540 0.010848
2 0.360130 0.470247 0.284760 0.008004
2 0.713500 0.470500 0.244028 0.010733
2 0.565500 0.529500 0.048230 0.021160
2 0.754500 0.529500 0.155820 0.021160
2 0.358885 0.588270 0.147870 0.019780
2 0.710000 0.588500 0.099375 0.015334
7 0.404500 0.647500 0.367290 0.019780
2 0.758500 0.647500 0.125730 0.016560
2 0.359000 0.765500 0.287100 0.015180
2 0.713000 0.765408 0.227544 0.019090
2 0.374186 0.824408 0.296352 0.013018
6 0.414317 0.824408 0.138572 0.013018
2 0.521245 0.942592 0.141848 0.020332
