0 0.487500 0.010000 0.113000 0.020000
0 0.167500 0.106500 0.291000 0.039000
0 0.488000 0.106500 0.290000 0.039000
0 0.808000 0.106500 0.290000 0.039000
0 0.488000 0.214500 0.290000 0.037000
0 0.487000 0.331000 0.052000 0.020000
0 0.167500 0.429000 0.291000 0.038000
0 0.488000 0.429000 0.290000 0.038000
0 0.808000 0.429000 0.290000 0.038000
0 0.167500 0.536000 0.291000 0.038000
0 0.488000 0.536000 0.290000 0.038000
0 0.808000 0.536000 0.290000 0.038000
0 0.167500 0.644000 0.291000 0.038000
0 0.488000 0.644000 0.290000 0.038000
0 0.808000 0.644000 0.290000 0.038000
0 0.167500 0.752000 0.291000 0.038000
0 0.488000 0.752000 0.290000 0.038000
0 0.808000 0.752000 0.290000 0.038000
0 0.167500 0.859000 0.291000 0.038000
0 0.488000 0.859000 0.290000 0.038000
0 0.808000 0.859000 0.290000 0.038000
0 0.488000 0.967000 0.290000 0.038000
2 0.487500 0.010000 0.113000 0.019000
2 0.166336 0.092967 0.159759 0.003276
3 0.094459 0.092967 0.072459 0.003276
5 0.295249 0.093240 0.017169 0.003003
4 0.094459 0.101625 0.037830 0.002613
2 0.741590 0.092577 0.102660 0.002067
3 0.705340 0.105447 0.066120 0.001248
4 0.739560 0.105447 0.018560 0.001248
5 0.940530 0.092577 0.015660 0.002067
2 0.395490 0.200440 0.097150 0.002738
5 0.619080 0.200403 0.024940 0.002775
4 0.425070 0.229670 0.015370 0.001147
7 0.413760 0.200440 0.053360 0.002775
2 0.734630 0.412584 0.099470 0.001444
5 0.940530 0.412660 0.012470 0.001368
3 0.695480 0.416764 0.091060 0.001368
4 0.799010 0.416688 0.014500 0.001444
2 0.080491 0.629978 0.086136 0.002888
3 0.084274 0.654184 0.069258 0.001786
4 0.109591 0.654336 0.027936 0.001634
5 0.297868 0.629788 0.024735 0.003268
2 0.389980 0.631118 0.062640 0.002356
3 0.371710 0.652246 0.030450 0.001596
4 0.403320 0.652322 0.021750 0.001596
5 0.622560 0.631156 0.018850 0.002356
2 0.758410 0.627850 0.212570 0.002850
3 0.693740 0.643506 0.046400 0.001596
4 0.732890 0.643506 0.022620 0.001596
5 0.929220 0.628306 0.016530 0.002204
2 0.125014 0.737750 0.160341 0.006650
3 0.093877 0.766250 0.122220 0.004750
4 0.182050 0.766250 0.024444 0.004750
5 0.299614 0.738130 0.034629 0.006042
7 0.150040 0.737750 0.093993 0.006650
2 0.382730 0.737370 0.098310 0.003078
3 0.369970 0.764578 0.059450 0.002204
4 0.432320 0.764578 0.034220 0.002204
5 0.617050 0.737370 0.025520 0.003078
2 0.713460 0.735812 0.105850 0.002052
10 0.940530 0.735850 0.016820 0.002090
3 0.721580 0.741018 0.089900 0.001368
4 0.789440 0.741056 0.019430 0.001368
2 0.125305 0.842888 0.132696 0.001786
5 0.298159 0.842812 0.021534 0.001900
7 0.081946 0.845624 0.142008 0.001824
4 0.148876 0.845624 0.016587 0.001748
2 0.484230 0.846612 0.213440 0.002622
3 0.395200 0.871084 0.068440 0.001406
4 0.442760 0.871084 0.013630 0.001406
5 0.612410 0.847258 0.011600 0.001976
2 0.737820 0.842850 0.141810 0.001786
3 0.700990 0.845662 0.075400 0.001482
4 0.742460 0.845624 0.017690 0.001482
5 0.935600 0.842812 0.016240 0.001786
2 0.395780 0.953016 0.073950 0.002812
3 0.410570 0.978324 0.097730 0.001672
4 0.477270 0.978324 0.027260 0.001672
5 0.612700 0.953016 0.032190 0.002812
