0 0.118000 0.095000 0.182000 0.062000
0 0.244000 0.170000 0.434000 0.048000
0 0.244000 0.242000 0.434000 0.048000
0 0.244000 0.314000 0.434000 0.048000
0 0.244000 0.386000 0.434000 0.048000
0 0.244000 0.458000 0.434000 0.048000
0 0.244000 0.530000 0.434000 0.048000
0 0.244000 0.602000 0.434000 0.048000
0 0.560000 0.095000 0.096000 0.062000
0 0.729000 0.170000 0.434000 0.048000
0 0.729000 0.242000 0.434000 0.048000
0 0.729000 0.314000 0.434000 0.048000
0 0.729000 0.386000 0.434000 0.048000
0 0.729000 0.458000 0.434000 0.048000
0 0.729000 0.530000 0.434000 0.048000
0 0.729000 0.602000 0.434000 0.048000
0 0.729000 0.674000 0.434000 0.048000
0 0.729000 0.746000 0.434000 0.048000
0 0.729000 0.818000 0.434000 0.048000
3 0.086892 0.169712 0.072912 0.001008
2 0.192788 0.169712 0.124558 0.001008
4 0.234018 0.169760 0.013888 0.001008
5 0.444942 0.169760 0.016492 0.001008
2 0.227074 0.241520 0.187054 0.002736
3 0.121612 0.241520 0.105028 0.002736
6 0.171522 0.241520 0.055552 0.002736
4 0.243566 0.241520 0.010850 0.002736
5 0.443206 0.241520 0.022568 0.002736
7 0.215790 0.241520 0.027776 0.002736
3 0.057814 0.314000 0.027342 0.001872
2 0.144614 0.314000 0.134974 0.001872
7 0.188448 0.314000 0.116746 0.001872
4 0.222300 0.314000 0.021266 0.001872
5 0.440168 0.314000 0.019964 0.001920
2 0.167616 0.384512 0.153202 0.003408
3 0.071702 0.384512 0.095914 0.003408
6 0.181504 0.384512 0.075516 0.003408
7 0.235320 0.384512 0.059892 0.003408
4 0.270474 0.384512 0.017360 0.003408
5 0.441904 0.384512 0.022568 0.003408
2 0.142010 0.458000 0.105028 0.003984
4 0.169786 0.458000 0.014322 0.003984
7 0.135500 0.458000 0.028644 0.003984
5 0.438866 0.457904 0.020832 0.003984
3 0.083854 0.530192 0.068138 0.003024
2 0.184976 0.530192 0.165354 0.003024
7 0.284362 0.530192 0.105462 0.003024
4 0.319516 0.530192 0.025172 0.003024
5 0.425846 0.530192 0.030814 0.003024
3 0.086892 0.602480 0.085932 0.002592
2 0.161106 0.602480 0.061628 0.002592
7 0.229678 0.602480 0.044268 0.002592
4 0.265266 0.602480 0.024304 0.002592
5 0.433224 0.602480 0.030380 0.002592
2 0.684732 0.160784 0.215698 0.009072
3 0.615292 0.160784 0.069440 0.009072
6 0.697752 0.160784 0.044702 0.009072
7 0.756342 0.160784 0.075950 0.009072
4 0.815366 0.160784 0.032984 0.009072
5 0.929074 0.161024 0.029946 0.008832
2 0.686034 0.244736 0.259098 0.016464
3 0.592724 0.244736 0.062930 0.016464
6 0.652616 0.244736 0.033852 0.016464
7 0.725528 0.244736 0.069440 0.016464
4 0.796704 0.244736 0.049042 0.016464
5 0.909978 0.244736 0.031682 0.016464
2 0.659994 0.313472 0.128464 0.002688
4 0.726830 0.313616 0.026908 0.002544
7 0.656522 0.313520 0.071610 0.002688
5 0.926904 0.313664 0.022134 0.002736
3 0.562778 0.386096 0.084630 0.010752
2 0.653484 0.385904 0.087668 0.011136
7 0.701224 0.386192 0.091574 0.011136
4 0.726830 0.386096 0.023002 0.011136
5 0.920394 0.385712 0.036022 0.011424
2 0.614858 0.458624 0.136276 0.003696
4 0.701658 0.458672 0.029512 0.003456
7 0.662164 0.458672 0.044268 0.003696
5 0.926470 0.458672 0.019530 0.003696
2 0.712074 0.527456 0.196168 0.004656
4 0.772834 0.527456 0.017360 0.004656
10 0.927338 0.527456 0.031682 0.004656
2 0.626576 0.601520 0.128464 0.003936
4 0.688638 0.601328 0.021700 0.003936
7 0.663466 0.601520 0.031248 0.003936
11 0.636992 0.601520 0.027776 0.003936
5 0.929508 0.601520 0.016492 0.003936
3 0.572326 0.673760 0.065100 0.001584
2 0.674316 0.673856 0.169260 0.001584
4 0.736378 0.673712 0.027776 0.001728
7 0.656522 0.673760 0.030814 0.001584
5 0.927772 0.673760 0.030814 0.001584
2 0.660428 0.747488 0.235662 0.002688
4 0.701224 0.747488 0.018662 0.002688
5 0.929942 0.747488 0.025172 0.002688
7 0.659994 0.747488 0.164486 0.002688
3 0.592290 0.816992 0.115878 0.002064
2 0.704262 0.816896 0.134540 0.002208
4 0.758078 0.816944 0.013020 0.002112
5 0.926036 0.817040 0.018662 0.002112
