0 0.499000 0.144000 0.102000 0.020000
0 0.256500 0.189000 0.457000 0.014000
0 0.256500 0.205500 0.457000 0.013000
0 0.256500 0.221500 0.457000 0.013000
0 0.256500 0.237500 0.457000 0.013000
0 0.048000 0.267000 0.040000 0.012000
0 0.256500 0.283500 0.457000 0.013000
0 0.256500 0.299500 0.457000 0.013000
0 0.256500 0.315500 0.457000 0.013000
0 0.055000 0.345000 0.054000 0.012000
0 0.256500 0.361000 0.457000 0.014000
0 0.256500 0.377500 0.457000 0.013000
0 0.256500 0.393500 0.457000 0.013000
0 0.256500 0.409500 0.457000 0.013000
0 0.256500 0.425500 0.457000 0.013000
0 0.256500 0.441500 0.457000 0.013000
0 0.256500 0.457500 0.457000 0.013000
0 0.530500 0.173500 0.039000 0.011000
0 0.739500 0.189000 0.457000 0.014000
0 0.739500 0.205500 0.457000 0.013000
0 0.739500 0.221500 0.457000 0.013000
0 0.739500 0.237500 0.457000 0.013000
0 0.739500 0.253500 0.457000 0.013000
0 0.739500 0.269500 0.457000 0.013000
0 0.739500 0.285500 0.457000 0.013000
0 0.739500 0.301500 0.457000 0.013000
0 0.739500 0.317500 0.457000 0.013000
0 0.739500 0.333500 0.457000 0.013000
0 0.739500 0.349500 0.457000 0.013000
0 0.538000 0.377500 0.054000 0.013000
0 0.739500 0.393500 0.457000 0.013000
0 0.739500 0.409500 0.457000 0.013000
0 0.739500 0.425500 0.457000 0.013000
0 0.739500 0.441500 0.457000 0.013000
2 0.166471 0.189084 0.195596 0.001722
3 0.182923 0.189084 0.057582 0.001722
7 0.232736 0.189084 0.053469 0.001722
5 0.302657 0.189084 0.058039 0.001722
5 0.440671 0.189084 0.063980 0.001722
2 0.159159 0.203017 0.210220 0.001000
3 0.162815 0.203004 0.104196 0.001000
7 0.264726 0.203017 0.060324 0.001000
5 0.381261 0.203030 0.030619 0.001000
5 0.440671 0.203030 0.030619 0.001000
2 0.216741 0.219927 0.198338 0.003146
3 0.166471 0.219927 0.054840 0.003146
7 0.317738 0.219927 0.098255 0.003146
5 0.446612 0.221019 0.034732 0.003146
2 0.191149 0.237500 0.196053 0.002223
3 0.160530 0.237500 0.122019 0.002223
4 0.289861 0.237500 0.028791 0.002223
5 0.434730 0.237500 0.089115 0.002223
7 0.351099 0.237500 0.140299 0.002223
2 0.047846 0.266734 0.030538 0.009020
2 0.199832 0.283240 0.128874 0.001000
7 0.294431 0.283227 0.120648 0.001000
5 0.392686 0.283227 0.047528 0.001000
5 0.447069 0.283227 0.047528 0.001000
2 0.209886 0.295327 0.265060 0.001000
7 0.242790 0.295327 0.175488 0.001000
5 0.448440 0.295314 0.058496 0.001000
2 0.141793 0.312536 0.168633 0.001000
7 0.277065 0.312536 0.099169 0.001000
5 0.386745 0.312536 0.037017 0.001000
5 0.441128 0.312536 0.042501 0.001000
2 0.189778 0.359586 0.167262 0.002478
3 0.265640 0.359586 0.056668 0.002478
7 0.332819 0.359600 0.105567 0.002478
5 0.388573 0.361042 0.042501 0.001526
5 0.449811 0.361056 0.037931 0.001512
2 0.180181 0.377500 0.209763 0.001000
3 0.186579 0.377500 0.087744 0.001000
7 0.303114 0.377500 0.047985 0.001000
5 0.366637 0.377500 0.047071 0.001000
5 0.443870 0.377500 0.047985 0.001000
6 0.076899 0.377500 0.075405 0.001000
2 0.188864 0.394267 0.146697 0.001000
6 0.081469 0.394267 0.081346 0.001000
7 0.272038 0.394267 0.127503 0.001000
5 0.440671 0.394267 0.050270 0.001000
2 0.206230 0.405860 0.205193 0.001000
5 0.444784 0.407095 0.047071 0.001131
7 0.338760 0.405847 0.145326 0.001000
2 0.187950 0.423680 0.245409 0.003380
6 0.075071 0.423667 0.089572 0.003367
7 0.320480 0.423693 0.087744 0.003393
5 0.392686 0.424239 0.053926 0.002288
5 0.449354 0.424265 0.054840 0.002236
2 0.205773 0.437314 0.181429 0.001000
6 0.113916 0.437314 0.090943 0.001000
7 0.320023 0.437314 0.161321 0.001000
5 0.392686 0.437314 0.052098 0.001000
5 0.456666 0.437314 0.052098 0.001000
2 0.192520 0.453262 0.171375 0.001000
3 0.182009 0.453262 0.087744 0.001000
7 0.288033 0.453249 0.068550 0.001000
5 0.389944 0.453223 0.067636 0.001000
5 0.450725 0.453236 0.069921 0.001000
6 0.584120 0.189000 0.105110 0.001260
3 0.698370 0.189000 0.123390 0.001260
7 0.798910 0.189000 0.114250 0.001260
5 0.872030 0.189000 0.045700 0.001260
5 0.936010 0.189000 0.045700 0.001260
6 0.586862 0.205500 0.074034 0.001950
3 0.664552 0.205500 0.072206 0.001950
7 0.753210 0.205500 0.142584 0.001950
5 0.874772 0.205500 0.044786 0.001950
5 0.929612 0.205500 0.042044 0.001950
2 0.684660 0.221500 0.228957 0.002171
3 0.675520 0.221500 0.097798 0.002171
7 0.783372 0.221500 0.072206 0.002171
5 0.932354 0.221500 0.070835 0.002171
2 0.693343 0.237565 0.140299 0.001000
3 0.729446 0.237552 0.074491 0.001000
5 0.938752 0.237578 0.038845 0.001000
7 0.811249 0.237552 0.125218 0.001000
11 0.659068 0.237552 0.063523 0.001000
2 0.627535 0.249561 0.175945 0.001209
3 0.668208 0.250588 0.062152 0.001000
7 0.719392 0.250575 0.087287 0.001000
5 0.938295 0.250978 0.055754 0.001000
2 0.623422 0.265418 0.134815 0.001000
7 0.670493 0.265418 0.105110 0.001000
5 0.877514 0.265418 0.047985 0.001000
5 0.934182 0.265418 0.047985 0.001000
2 0.682375 0.284031 0.203365 0.002262
3 0.738129 0.286865 0.111508 0.001000
7 0.840954 0.286865 0.128417 0.001000
5 0.934639 0.284226 0.048899 0.001768
2 0.650385 0.298978 0.185999 0.005005
3 0.643987 0.301175 0.053012 0.002548
7 0.755952 0.301136 0.158579 0.002548
5 0.937381 0.300460 0.060781 0.001859
2 0.726704 0.312924 0.207478 0.003172
3 0.675977 0.313054 0.116078 0.002860
6 0.573609 0.312950 0.121562 0.003094
5 0.923671 0.312898 0.080432 0.003250
7 0.817647 0.312924 0.121562 0.003172
2 0.684660 0.328040 0.269630 0.001170
7 0.807593 0.328040 0.100997 0.001170
5 0.870659 0.328027 0.055297 0.001170
5 0.932354 0.328027 0.050270 0.001170
2 0.636675 0.343728 0.375654 0.001638
3 0.583206 0.343702 0.117449 0.001638
7 0.753667 0.343702 0.214790 0.001651
5 0.880713 0.343741 0.079975 0.001209
5 0.946064 0.343741 0.074948 0.001222
2 0.668208 0.389548 0.157208 0.001000
3 0.603314 0.389548 0.060781 0.001000
7 0.734473 0.389561 0.113336 0.001000
5 0.881170 0.389561 0.059867 0.001000
5 0.936467 0.389561 0.059867 0.001000
2 0.622508 0.408577 0.221188 0.001716
5 0.878885 0.408603 0.080432 0.001625
2 0.586862 0.421132 0.141213 0.001000
3 0.628906 0.421132 0.077233 0.001000
7 0.683746 0.421145 0.069921 0.001000
5 0.879799 0.421132 0.066722 0.001000
2 0.632105 0.439550 0.079518 0.001000
3 0.644901 0.439550 0.167262 0.001000
12 0.657240 0.439550 0.079975 0.001000
7 0.738586 0.439550 0.079061 0.001000
5 0.937838 0.439550 0.061238 0.001000
