0 0.244000 0.141500 0.282000 0.053000
0 0.597500 0.200500 0.623000 0.015000
0 0.597500 0.240500 0.623000 0.015000
0 0.597500 0.279500 0.623000 0.015000
0 0.597500 0.319500 0.623000 0.015000
0 0.597500 0.358500 0.623000 0.015000
0 0.597500 0.398500 0.623000 0.015000
0 0.597500 0.435500 0.623000 0.015000
0 0.597500 0.475500 0.623000 0.015000
0 0.597500 0.514500 0.623000 0.015000
2 0.376958 0.199930 0.168210 0.002100
5 0.879096 0.199930 0.039872 0.002100
2 0.439881 0.240350 0.325829 0.011190
5 0.858537 0.240515 0.079121 0.007185
2 0.436143 0.279605 0.300286 0.003435
5 0.821780 0.279410 0.163849 0.003630
2 0.362629 0.320385 0.152012 0.002805
2 0.370105 0.358095 0.165095 0.004410
5 0.871620 0.358500 0.068530 0.004635
2 0.391287 0.397960 0.123977 0.004665
5 0.865390 0.397960 0.072268 0.004665
2 0.325249 0.435380 0.053578 0.001455
5 0.874735 0.435380 0.026789 0.001455
2 0.438012 0.474510 0.318353 0.002730
5 0.872866 0.474510 0.043610 0.002730
2 0.323380 0.511020 0.159488 0.002340
