0 0.468500 0.125000 0.059000 0.016000
0 0.469000 0.225000 0.806000 0.036000
0 0.469000 0.261000 0.806000 0.016000
0 0.469000 0.297000 0.806000 0.036000
0 0.469000 0.333000 0.806000 0.016000
0 0.469000 0.369000 0.806000 0.036000
0 0.468500 0.536000 0.165000 0.016000
0 0.469000 0.653000 0.806000 0.016000
0 0.469000 0.679000 0.806000 0.016000
0 0.469000 0.705000 0.806000 0.016000
0 0.469000 0.731000 0.806000 0.016000
0 0.469000 0.757000 0.806000 0.016000
0 0.469000 0.793000 0.806000 0.036000
0 0.469000 0.829000 0.806000 0.016000
0 0.469000 0.865000 0.806000 0.036000
2 0.468677 0.125096 0.045135 0.012912
2 0.257828 0.209160 0.182962 0.002160
4 0.359384 0.210924 0.026598 0.001188
5 0.814774 0.210420 0.045136 0.001872
7 0.236872 0.210888 0.202306 0.001260
2 0.248962 0.260216 0.309504 0.002320
3 0.452880 0.260216 0.118482 0.002320
7 0.580228 0.260216 0.227292 0.002320
4 0.670500 0.260216 0.065286 0.002320
5 0.806714 0.260216 0.075764 0.002320
2 0.223976 0.282060 0.165230 0.001836
3 0.367444 0.282492 0.203918 0.001224
7 0.273142 0.284580 0.278070 0.001152
4 0.429506 0.284580 0.028210 0.001152
5 0.820416 0.284580 0.052390 0.001224
2 0.219946 0.325800 0.344162 0.001584
7 0.525420 0.325800 0.276458 0.001600
4 0.652768 0.325800 0.051584 0.001600
5 0.805102 0.325800 0.066898 0.001600
2 0.292486 0.353412 0.452972 0.001908
7 0.269918 0.355248 0.185380 0.001332
4 0.392430 0.355248 0.041912 0.001332
5 0.802684 0.355176 0.067704 0.001476
2 0.467510 0.535984 0.134640 0.010368
2 0.268306 0.650520 0.400582 0.004880
4 0.618110 0.651016 0.065286 0.003904
5 0.822028 0.651864 0.081406 0.003296
7 0.473836 0.651032 0.125736 0.004000
2 0.215110 0.674168 0.169260 0.009632
3 0.373086 0.674168 0.216008 0.009632
7 0.589094 0.674168 0.214396 0.009632
4 0.672112 0.674168 0.085436 0.009632
5 0.804296 0.674168 0.099138 0.009632
2 0.260246 0.705000 0.197470 0.001328
3 0.398072 0.705000 0.121706 0.001328
7 0.531868 0.705000 0.221650 0.001328
4 0.672918 0.705000 0.042718 0.001328
5 0.797042 0.705000 0.073346 0.001328
2 0.245738 0.729000 0.160394 0.004000
7 0.360996 0.729000 0.252278 0.004000
4 0.596348 0.729000 0.046748 0.004000
5 0.796236 0.729000 0.069316 0.004000
2 0.182064 0.751608 0.153140 0.001200
3 0.305382 0.751608 0.155558 0.001200
7 0.430312 0.751608 0.175708 0.001200
4 0.615692 0.751608 0.058838 0.001200
5 0.803490 0.751608 0.099944 0.001200
2 0.249768 0.777736 0.346580 0.001800
3 0.490762 0.777736 0.206336 0.001800
7 0.246544 0.780652 0.271622 0.001800
4 0.451268 0.780652 0.048360 0.001800
5 0.796236 0.780652 0.072540 0.001800
2 0.184482 0.829528 0.117676 0.001520
7 0.377922 0.829528 0.240994 0.001520
4 0.616498 0.829528 0.058838 0.001520
5 0.795430 0.829528 0.072540 0.001520
2 0.189318 0.849736 0.427180 0.001764
3 0.539928 0.849736 0.228904 0.001764
4 0.408550 0.851752 0.029016 0.001512
5 0.813968 0.851860 0.054808 0.001620
7 0.259440 0.851860 0.211172 0.001512
