0 0.167000 0.064500 0.136000 0.017000
0 0.135500 0.101500 0.073000 0.017000
0 0.294000 0.132500 0.390000 0.017000
0 0.294000 0.158500 0.390000 0.017000
0 0.121000 0.202500 0.044000 0.017000
0 0.294000 0.232500 0.390000 0.017000
0 0.294000 0.259000 0.390000 0.016000
0 0.294000 0.284500 0.390000 0.017000
0 0.294000 0.310500 0.390000 0.017000
0 0.128000 0.351500 0.058000 0.017000
0 0.294000 0.382500 0.390000 0.017000
0 0.294000 0.408500 0.390000 0.017000
0 0.294000 0.434500 0.390000 0.017000
0 0.294000 0.460500 0.390000 0.017000
0 0.294000 0.486500 0.390000 0.017000
0 0.294000 0.512500 0.390000 0.017000
0 0.150000 0.562500 0.102000 0.017000
0 0.294000 0.594500 0.390000 0.017000
0 0.294000 0.620500 0.390000 0.017000
0 0.294000 0.646500 0.390000 0.017000
0 0.294000 0.672500 0.390000 0.017000
0 0.294000 0.699000 0.390000 0.016000
0 0.294000 0.725000 0.390000 0.016000
0 0.294000 0.760500 0.390000 0.037000
0 0.126000 0.812500 0.054000 0.017000
0 0.292000 0.842500 0.386000 0.017000
0 0.597500 0.101500 0.101000 0.017000
0 0.742500 0.132500 0.391000 0.017000
0 0.742500 0.158500 0.391000 0.017000
0 0.742500 0.184500 0.391000 0.017000
0 0.568500 0.238500 0.043000 0.017000
0 0.742500 0.267500 0.391000 0.017000
0 0.742500 0.293500 0.391000 0.017000
0 0.742500 0.319500 0.391000 0.017000
0 0.590000 0.368500 0.086000 0.017000
0 0.742500 0.399500 0.391000 0.017000
0 0.742500 0.425500 0.391000 0.017000
0 0.742500 0.451500 0.391000 0.017000
0 0.742500 0.477500 0.391000 0.017000
0 0.742500 0.504000 0.391000 0.016000
0 0.742500 0.530000 0.391000 0.016000
0 0.590000 0.586500 0.086000 0.017000
0 0.742500 0.624500 0.391000 0.037000
0 0.742500 0.660500 0.391000 0.017000
0 0.742500 0.686500 0.391000 0.017000
0 0.742500 0.712500 0.391000 0.017000
0 0.604500 0.769500 0.115000 0.017000
0 0.742500 0.799500 0.391000 0.017000
0 0.742500 0.825500 0.391000 0.017000
0 0.742500 0.851500 0.391000 0.017000
2 0.135500 0.101500 0.059685 0.012451
2 0.184020 0.131939 0.099450 0.007701
5 0.453510 0.132500 0.067860 0.007038
2 0.196500 0.158041 0.135330 0.004607
5 0.463260 0.159758 0.049920 0.006987
2 0.123948 0.199491 0.034188 0.012920
2 0.203130 0.231565 0.112320 0.005389
5 0.457410 0.231565 0.059670 0.005389
2 0.167640 0.259000 0.132600 0.006688
5 0.451560 0.259000 0.051480 0.006688
2 0.235110 0.282715 0.191100 0.003553
5 0.461310 0.283327 0.030810 0.002788
2 0.282300 0.309990 0.183300 0.004590
5 0.453900 0.309990 0.046800 0.004590
2 0.127913 0.352044 0.041238 0.012580
2 0.231990 0.382874 0.177450 0.004879
5 0.464820 0.384217 0.048360 0.004964
2 0.196890 0.408942 0.132600 0.008568
5 0.453510 0.408449 0.056160 0.007905
2 0.218730 0.434211 0.178620 0.002992
4 0.270210 0.434381 0.041730 0.002992
5 0.464040 0.434211 0.047970 0.002992
2 0.159450 0.460500 0.115440 0.005661
5 0.455460 0.460500 0.065910 0.005661
2 0.185190 0.486755 0.112320 0.006647
5 0.460530 0.488557 0.056550 0.005202
2 0.257730 0.509950 0.230100 0.005355
5 0.460140 0.510035 0.059670 0.005185
2 0.256950 0.593820 0.189150 0.002822
5 0.454290 0.594466 0.050700 0.005151
2 0.289710 0.620500 0.196170 0.003111
5 0.461700 0.620500 0.057720 0.002822
2 0.289543 0.646441 0.223971 0.004103
5 0.453343 0.646559 0.060171 0.003869
2 0.224580 0.672296 0.138450 0.002125
5 0.438690 0.672364 0.070200 0.002125
2 0.238620 0.697720 0.190710 0.002336
5 0.460140 0.697720 0.039780 0.002336
2 0.240180 0.719736 0.199290 0.002352
5 0.455070 0.720360 0.033930 0.001888
2 0.285420 0.756245 0.259740 0.010471
3 0.201960 0.748734 0.126360 0.003441
11 0.266700 0.748808 0.060840 0.003515
5 0.444930 0.761462 0.053820 0.004736
2 0.126702 0.812500 0.050544 0.014569
2 0.165006 0.842500 0.093412 0.008755
5 0.454506 0.842500 0.039758 0.008755
2 0.597500 0.101500 0.082416 0.012070
2 0.661563 0.133707 0.125120 0.004369
5 0.894990 0.133928 0.050830 0.004607
2 0.625982 0.157548 0.134504 0.001887
5 0.899291 0.158024 0.068816 0.001853
2 0.741327 0.184551 0.234209 0.004301
5 0.911021 0.184551 0.044574 0.004301
2 0.567898 0.237242 0.009374 0.006630
2 0.606823 0.267398 0.087193 0.008755
5 0.909848 0.267551 0.028152 0.008449
2 0.605650 0.293160 0.066470 0.001000
5 0.906720 0.293160 0.035190 0.001190
2 0.679940 0.318769 0.148971 0.006936
5 0.890298 0.320367 0.070771 0.006137
2 0.590000 0.368500 0.068800 0.011900
2 0.707310 0.398480 0.179860 0.004930
3 0.644750 0.398650 0.097750 0.004760
5 0.906720 0.398650 0.046920 0.004930
2 0.715912 0.425177 0.201365 0.005491
5 0.913367 0.425143 0.024242 0.005491
2 0.658826 0.451500 0.223261 0.005236
5 0.912194 0.451500 0.040664 0.005236
2 0.673684 0.477500 0.120037 0.007446
4 0.724905 0.477500 0.032844 0.007497
5 0.905547 0.478435 0.057868 0.007191
2 0.643577 0.501888 0.096186 0.004240
5 0.911803 0.502320 0.052003 0.003872
2 0.656871 0.529392 0.143497 0.003424
4 0.695580 0.529472 0.031280 0.003104
5 0.908284 0.529552 0.042228 0.003744
2 0.590000 0.586500 0.071294 0.010880
2 0.666646 0.610921 0.139587 0.002886
3 0.643968 0.610958 0.045747 0.002849
4 0.707701 0.610921 0.024242 0.002849
5 0.914931 0.631160 0.029716 0.004477
2 0.634584 0.631086 0.096968 0.002923
2 0.663127 0.656556 0.193545 0.004692
5 0.903983 0.657848 0.053958 0.003961
2 0.662736 0.686806 0.210749 0.003638
5 0.911803 0.686653 0.036754 0.003876
3 0.600762 0.712500 0.065981 0.005057
2 0.678963 0.712500 0.146625 0.005057
4 0.752275 0.712500 0.058650 0.005057
5 0.908675 0.712500 0.058650 0.005440
2 0.604500 0.769500 0.092000 0.011220
2 0.689715 0.794587 0.174386 0.003264
5 0.901246 0.798208 0.053567 0.006579
2 0.686587 0.825857 0.198628 0.004845
5 0.905938 0.826265 0.040273 0.003553
2 0.595093 0.851500 0.064515 0.004505
5 0.914540 0.851704 0.045356 0.005304
