0 0.130500 0.064500 0.071000 0.019000
0 0.498500 0.141000 0.303000 0.018000
0 0.499000 0.220500 0.808000 0.035000
0 0.499000 0.257000 0.808000 0.016000
0 0.499000 0.293000 0.808000 0.036000
0 0.499000 0.338500 0.808000 0.035000
0 0.499000 0.374000 0.808000 0.016000
0 0.499000 0.400500 0.808000 0.015000
0 0.499000 0.427000 0.808000 0.016000
0 0.499000 0.453000 0.808000 0.016000
0 0.499000 0.479000 0.808000 0.016000
0 0.499000 0.505000 0.808000 0.016000
0 0.498500 0.621000 0.379000 0.018000
0 0.499000 0.693000 0.808000 0.016000
0 0.499000 0.719000 0.808000 0.016000
0 0.499000 0.745000 0.808000 0.016000
0 0.499000 0.771000 0.808000 0.016000
0 0.499000 0.797000 0.808000 0.016000
0 0.498000 0.824500 0.316000 0.015000
0 0.499000 0.850000 0.808000 0.016000
0 0.499000 0.876000 0.808000 0.016000
2 0.499106 0.141018 0.238158 0.005544
2 0.397192 0.205380 0.504192 0.001925
4 0.635552 0.206640 0.037168 0.001435
5 0.844016 0.206640 0.054944 0.001435
7 0.283264 0.206675 0.347440 0.001435
2 0.190344 0.257064 0.132512 0.001344
3 0.326088 0.257064 0.124432 0.001344
7 0.553944 0.257064 0.247248 0.001344
4 0.726856 0.257064 0.050096 0.001344
5 0.824624 0.257064 0.071104 0.001344
2 0.214584 0.277340 0.111504 0.001116
3 0.321240 0.277376 0.130896 0.001188
7 0.217816 0.278420 0.198768 0.001152
4 0.355176 0.278420 0.032320 0.001116
5 0.836744 0.278132 0.068680 0.001656
2 0.233976 0.324150 0.263408 0.001820
3 0.377800 0.324185 0.303808 0.001785
7 0.288112 0.326810 0.370064 0.001680
4 0.503848 0.326775 0.092112 0.001680
5 0.840784 0.326880 0.061408 0.001680
2 0.205696 0.374000 0.092112 0.004512
3 0.313968 0.374000 0.118776 0.004512
7 0.416584 0.374000 0.218968 0.004512
4 0.577376 0.374000 0.046864 0.004512
5 0.825432 0.374000 0.095344 0.004512
2 0.193576 0.400485 0.221392 0.001110
3 0.343864 0.400485 0.127664 0.001110
7 0.474760 0.400515 0.247248 0.001110
4 0.734128 0.400485 0.046864 0.001140
5 0.826240 0.400515 0.071104 0.001140
2 0.267912 0.427576 0.120392 0.003408
3 0.399616 0.427576 0.214120 0.003408
7 0.629088 0.427576 0.273912 0.003408
4 0.715544 0.427576 0.045248 0.003408
5 0.836744 0.427576 0.059792 0.003408
2 0.251752 0.452968 0.153520 0.001000
3 0.374568 0.452968 0.192304 0.001000
7 0.573336 0.452968 0.205232 0.001000
4 0.704232 0.452968 0.050096 0.001000
5 0.804424 0.453064 0.088880 0.001000
2 0.228320 0.478840 0.227856 0.001216
3 0.389112 0.478840 0.193920 0.001216
7 0.585456 0.478840 0.137360 0.001216
4 0.684840 0.478840 0.037168 0.001216
5 0.839168 0.478840 0.058176 0.001216
2 0.305888 0.504888 0.155944 0.001000
3 0.397192 0.504888 0.224624 0.001000
7 0.561216 0.504888 0.208464 0.001000
4 0.663832 0.504888 0.043632 0.001000
5 0.835128 0.504888 0.064640 0.001000
2 0.498121 0.621000 0.270985 0.005094
7 0.199232 0.693000 0.153520 0.006672
3 0.455368 0.693000 0.261792 0.006672
4 0.592728 0.693000 0.054944 0.006672
5 0.851288 0.693000 0.089688 0.006672
2 0.281648 0.719000 0.421776 0.001216
3 0.281648 0.719000 0.421776 0.001216
4 0.493344 0.719000 0.052520 0.001216
5 0.831088 0.719176 0.058984 0.001088
2 0.339824 0.744728 0.207656 0.001000
3 0.483648 0.744728 0.190688 0.001000
4 0.672720 0.744728 0.040400 0.001000
5 0.844016 0.744728 0.052520 0.001000
2 0.259024 0.770968 0.195536 0.001504
3 0.553944 0.770968 0.192304 0.001504
4 0.692920 0.770968 0.056560 0.001504
5 0.823008 0.770968 0.101808 0.001504
2 0.318008 0.797000 0.286032 0.002480
3 0.527280 0.797000 0.178568 0.002480
4 0.675144 0.797000 0.065448 0.002480
5 0.844824 0.797000 0.073528 0.002480
2 0.512852 0.824335 0.233208 0.003030
2 0.235592 0.850000 0.135744 0.002592
3 0.405272 0.850000 0.206848 0.002592
4 0.536168 0.850000 0.051712 0.002592
5 0.836744 0.850000 0.067872 0.002592
2 0.250136 0.875696 0.241592 0.001000
3 0.448904 0.875696 0.180184 0.001000
4 0.599192 0.875696 0.033936 0.001000
5 0.844824 0.875696 0.057368 0.001000
