0 0.343500 0.189500 0.191000 0.015000
0 0.438500 0.392000 0.381000 0.016000
0 0.282000 0.556000 0.068000 0.016000
0 0.288500 0.685000 0.081000 0.016000
0 0.268500 0.835000 0.041000 0.016000
0 0.420500 0.215000 0.163000 0.016000
0 0.482000 0.235000 0.286000 0.016000
0 0.400000 0.254000 0.122000 0.016000
0 0.400000 0.274000 0.122000 0.016000
0 0.529500 0.294000 0.381000 0.016000
0 0.455000 0.313000 0.232000 0.016000
0 0.392500 0.333000 0.107000 0.016000
0 0.420500 0.353000 0.163000 0.016000
0 0.576500 0.417000 0.475000 0.016000
0 0.426500 0.437000 0.175000 0.016000
0 0.434000 0.456000 0.190000 0.016000
0 0.407000 0.476000 0.136000 0.016000
0 0.392500 0.496000 0.107000 0.016000
0 0.420500 0.515000 0.163000 0.016000
0 0.392500 0.581000 0.107000 0.016000
0 0.392500 0.601000 0.107000 0.016000
0 0.448000 0.622000 0.218000 0.016000
0 0.392500 0.642000 0.107000 0.016000
0 0.529500 0.710000 0.381000 0.016000
0 0.460500 0.729500 0.243000 0.017000
0 0.412500 0.749000 0.147000 0.016000
0 0.516000 0.769000 0.354000 0.016000
0 0.448000 0.788000 0.218000 0.016000
0 0.414000 0.862000 0.150000 0.016000
7 0.438500 0.392000 0.380524 0.009344
7 0.282000 0.556000 0.059840 0.012320
7 0.288257 0.685000 0.069741 0.012448
7 0.268623 0.835048 0.019926 0.015904
2 0.421641 0.215176 0.143440 0.012784
3 0.483144 0.235000 0.229658 0.005072
2 0.402196 0.254832 0.116510 0.006944
2 0.400000 0.273840 0.110898 0.011824
3 0.524547 0.294000 0.299847 0.004720
3 0.455000 0.312968 0.173536 0.010544
2 0.406808 0.353000 0.060636 0.008896
4 0.445113 0.353000 0.030155 0.008896
3 0.575550 0.416872 0.454100 0.001728
2 0.425800 0.437000 0.150500 0.005760
2 0.434190 0.456336 0.158840 0.007344
2 0.407272 0.476000 0.120496 0.011552
2 0.391911 0.495640 0.086563 0.011280
2 0.420500 0.514712 0.148330 0.006496
2 0.392500 0.581000 0.104860 0.008000
2 0.392500 0.601000 0.093447 0.006933
3 0.448000 0.622000 0.169604 0.007200
2 0.392500 0.642000 0.081534 0.007472
2 0.529500 0.709856 0.341376 0.003744
3 0.460986 0.729568 0.191241 0.008619
3 0.520248 0.768680 0.310104 0.004992
3 0.448218 0.787888 0.191404 0.006576
2 0.410850 0.862048 0.138600 0.010352
