0 0.156000 0.101000 0.158000 0.016000
0 0.276500 0.132500 0.399000 0.015000
0 0.276500 0.160000 0.399000 0.016000
0 0.276500 0.185500 0.399000 0.015000
0 0.242000 0.248000 0.330000 0.016000
0 0.276500 0.278500 0.399000 0.015000
0 0.276500 0.304500 0.399000 0.015000
0 0.276500 0.330500 0.399000 0.015000
0 0.276500 0.356500 0.399000 0.015000
0 0.276500 0.382500 0.399000 0.015000
0 0.276500 0.409500 0.399000 0.015000
0 0.276500 0.435000 0.399000 0.016000
0 0.276500 0.461500 0.399000 0.015000
0 0.276500 0.487500 0.399000 0.015000
0 0.276500 0.513500 0.399000 0.015000
0 0.276500 0.539500 0.399000 0.015000
0 0.276500 0.565500 0.399000 0.015000
0 0.276500 0.591500 0.399000 0.015000
0 0.276500 0.617500 0.399000 0.015000
0 0.276500 0.643500 0.399000 0.015000
0 0.276500 0.669500 0.399000 0.015000
0 0.120000 0.736000 0.086000 0.016000
0 0.276500 0.772500 0.399000 0.041000
0 0.276500 0.819500 0.399000 0.015000
0 0.276500 0.845500 0.399000 0.015000
0 0.276500 0.871500 0.399000 0.015000
0 0.276500 0.897500 0.399000 0.015000
0 0.555000 0.101000 0.086000 0.016000
0 0.717000 0.145500 0.410000 0.041000
0 0.717000 0.185500 0.410000 0.015000
0 0.717000 0.227500 0.410000 0.041000
0 0.717000 0.287500 0.410000 0.041000
0 0.717000 0.326500 0.410000 0.015000
0 0.717000 0.352500 0.410000 0.015000
0 0.717000 0.378500 0.410000 0.015000
0 0.717000 0.426500 0.410000 0.041000
0 0.717000 0.465500 0.410000 0.015000
0 0.717000 0.491500 0.410000 0.015000
0 0.717000 0.517500 0.410000 0.015000
0 0.717000 0.543500 0.410000 0.015000
0 0.717000 0.590500 0.410000 0.041000
0 0.717000 0.650500 0.410000 0.041000
0 0.717000 0.712500 0.410000 0.041000
0 0.717000 0.772500 0.410000 0.041000
0 0.717000 0.811500 0.410000 0.015000
0 0.717000 0.837500 0.410000 0.015000
0 0.717000 0.884500 0.410000 0.041000
2 0.156000 0.101000 0.146308 0.007328
2 0.151613 0.131900 0.101745 0.001260
5 0.437297 0.131900 0.042294 0.001185
2 0.187124 0.160000 0.179550 0.005328
5 0.445676 0.160000 0.062244 0.005328
3 0.154805 0.185065 0.088179 0.005865
2 0.222635 0.185065 0.113316 0.005865
5 0.451661 0.185800 0.046284 0.005625
2 0.189119 0.277435 0.136857 0.003630
5 0.437297 0.277465 0.064638 0.003570
3 0.146825 0.304500 0.093765 0.006255
5 0.446873 0.304500 0.053067 0.006255
2 0.173159 0.330605 0.187131 0.002325
5 0.439691 0.330695 0.067032 0.002235
2 0.163982 0.354490 0.139251 0.003990
5 0.427721 0.355720 0.057456 0.004575
2 0.216650 0.382500 0.191520 0.003750
5 0.440090 0.383100 0.063840 0.003750
2 0.231014 0.409500 0.174762 0.005100
5 0.442883 0.409755 0.049077 0.005010
2 0.268121 0.436072 0.215061 0.002128
5 0.448868 0.436072 0.047880 0.002128
2 0.174755 0.459055 0.134862 0.002880
5 0.442883 0.460150 0.043491 0.002295
2 0.229019 0.487140 0.180348 0.002820
5 0.433706 0.487140 0.042294 0.002820
2 0.246974 0.511460 0.274911 0.006540
5 0.443282 0.511700 0.071022 0.007860
2 0.200291 0.538660 0.191520 0.006495
5 0.446873 0.538855 0.057855 0.006495
2 0.187922 0.565155 0.196308 0.003195
5 0.441686 0.565470 0.057057 0.003195
2 0.262136 0.589475 0.222642 0.002925
5 0.438095 0.590975 0.061845 0.003915
2 0.275303 0.618295 0.289275 0.003135
5 0.436499 0.618025 0.053865 0.003135
2 0.217448 0.643695 0.243789 0.003435
5 0.448469 0.645375 0.031920 0.003780
3 0.200690 0.668900 0.195510 0.003600
5 0.438494 0.668900 0.059451 0.003600
2 0.120000 0.736000 0.084280 0.015680
2 0.118097 0.756264 0.068628 0.003198
6 0.113708 0.773935 0.069027 0.002911
5 0.443282 0.773812 0.040698 0.003034
2 0.142037 0.819170 0.106932 0.004995
5 0.444479 0.819050 0.041496 0.005490
2 0.266126 0.844585 0.173964 0.001740
5 0.447671 0.844630 0.048279 0.001695
6 0.369068 0.844555 0.070224 0.001785
2 0.252560 0.871200 0.231420 0.005100
5 0.442085 0.870900 0.063840 0.005400
2 0.220640 0.897800 0.211470 0.003600
5 0.440090 0.897950 0.051870 0.003450
2 0.555000 0.101000 0.078432 0.013440
2 0.596050 0.151445 0.106600 0.002829
3 0.601380 0.129674 0.142270 0.003116
5 0.876080 0.158046 0.098400 0.002624
2 0.603430 0.185500 0.163590 0.007500
5 0.886740 0.185500 0.045510 0.007500
2 0.555460 0.226803 0.091840 0.001968
5 0.872390 0.226803 0.074210 0.001968
3 0.567760 0.273437 0.062320 0.002870
2 0.618600 0.288484 0.106600 0.002542
5 0.873620 0.288812 0.062320 0.002870
2 0.590720 0.326530 0.072570 0.003090
5 0.865830 0.326530 0.055760 0.003090
2 0.598100 0.351600 0.147600 0.004050
5 0.856400 0.351750 0.090200 0.004050
2 0.624750 0.378605 0.148010 0.002760
5 0.871570 0.378725 0.084870 0.002760
2 0.603430 0.464495 0.177530 0.005295
5 0.849020 0.464645 0.109880 0.005070
2 0.604250 0.491335 0.123820 0.003345
5 0.853940 0.491260 0.114390 0.003495
2 0.631310 0.515595 0.193930 0.004275
5 0.858450 0.516255 0.066010 0.003060
2 0.649760 0.543110 0.196390 0.004710
5 0.868290 0.543140 0.079130 0.004695
3 0.562430 0.572337 0.125050 0.003198
2 0.558740 0.580537 0.070930 0.002173
5 0.872390 0.580906 0.071340 0.002255
3 0.607120 0.634592 0.118080 0.001804
2 0.607120 0.651648 0.095120 0.001804
5 0.865420 0.651648 0.061500 0.001804
3 0.629670 0.693886 0.229190 0.003198
2 0.559560 0.722381 0.111110 0.002542
5 0.878540 0.722832 0.069700 0.002337
5 0.871160 0.784595 0.069700 0.006806
2 0.545620 0.811110 0.074620 0.008235
5 0.869930 0.811215 0.051660 0.007515
5 0.846150 0.837125 0.075440 0.004590
3 0.584570 0.867075 0.071340 0.002296
2 0.572680 0.874250 0.076260 0.001558
5 0.870750 0.874250 0.103320 0.001558
